-1 0.245455 -0.818182
-0.88601 0.3 -0.724917
-0.88601 0.3 -0.88601
-1 0.245455 -1
0.818182 0.245455 -1
0.724917 0.3 -0.88601
0.88601 0.3 -0.88601
1 0.245455 -1
1 0.245455 0.818182
0.88601 0.3 0.724917
0.88601 0.3 0.88601
1 0.245455 1
-0.818182 0.245455 1
-0.724917 0.3 0.88601
-0.88601 0.3 0.88601
-1 0.245455 1
0.818182 -0.3 0.818182
1 -0.3 0.818182
1 -0.3 1
0.818182 -0.3 1
-0.724917 0.3 0.724917
-0.88601 0.3 0.724917
-0.88601 0.3 0.88601
-0.724917 0.3 0.88601
0.88601 0.3 0.724917
0.724917 0.3 0.724917
0.724917 0.3 0.88601
0.88601 0.3 0.88601
0.724917 0.3 0.724917
0.563825 0.3 0.724917
0.563825 0.3 0.88601
0.724917 0.3 0.88601
0.563825 0.3 0.724917
0.402732 0.3 0.724917
0.402732 0.3 0.88601
0.563825 0.3 0.88601
0.402732 0.3 0.724917
0.241639 0.3 0.724917
0.241639 0.3 0.88601
0.402732 0.3 0.88601
0.241639 0.3 0.724917
0.080546 0.3 0.724917
0.080546 0.3 0.88601
0.241639 0.3 0.88601
0.080546 0.3 0.724917
-0.080546 0.3 0.724917
-0.080546 0.3 0.88601
0.080546 0.3 0.88601
-0.080546 0.3 0.724917
-0.241639 0.3 0.724917
-0.241639 0.3 0.88601
-0.080546 0.3 0.88601
-0.241639 0.3 0.724917
-0.402732 0.3 0.724917
-0.402732 0.3 0.88601
-0.241639 0.3 0.88601
-0.402732 0.3 0.724917
-0.563825 0.3 0.724917
-0.563825 0.3 0.88601
-0.402732 0.3 0.88601
-0.563825 0.3 0.724917
-0.724917 0.3 0.724917
-0.724917 0.3 0.88601
-0.563825 0.3 0.88601
0.88601 0.3 -0.88601
0.724917 0.3 -0.88601
0.724917 0.3 -0.724917
0.88601 0.3 -0.724917
0.88601 0.3 -0.724917
0.724917 0.3 -0.724917
0.724917 0.3 -0.563825
0.88601 0.3 -0.563825
0.88601 0.3 -0.563825
0.724917 0.3 -0.563825
0.724917 0.3 -0.402732
0.88601 0.3 -0.402732
0.88601 0.3 -0.402732
0.724917 0.3 -0.402732
0.724917 0.3 -0.241639
0.88601 0.3 -0.241639
0.88601 0.3 -0.241639
0.724917 0.3 -0.241639
0.724917 0.3 -0.080546
0.88601 0.3 -0.080546
0.88601 0.3 -0.080546
0.724917 0.3 -0.080546
0.724917 0.3 0.080546
0.88601 0.3 0.080546
0.88601 0.3 0.080546
0.724917 0.3 0.080546
0.724917 0.3 0.241639
0.88601 0.3 0.241639
0.88601 0.3 0.241639
0.724917 0.3 0.241639
0.724917 0.3 0.402732
0.88601 0.3 0.402732
0.88601 0.3 0.402732
0.724917 0.3 0.402732
0.724917 0.3 0.563825
0.88601 0.3 0.563825
0.88601 0.3 0.563825
0.724917 0.3 0.563825
0.724917 0.3 0.724917
0.88601 0.3 0.724917
0.724917 0.3 -0.88601
0.563825 0.3 -0.88601
0.563825 0.3 -0.724917
0.724917 0.3 -0.724917
0.724917 0.3 -0.724917
0.563825 0.3 -0.724917
0.563825 0.3 -0.563825
0.724917 0.3 -0.563825
0.724917 0.3 -0.563825
0.563825 0.3 -0.563825
0.563825 0.3 -0.402732
0.724917 0.3 -0.402732
0.724917 0.3 -0.402732
0.563825 0.3 -0.402732
0.563825 0.3 -0.241639
0.724917 0.3 -0.241639
0.724917 0.3 -0.241639
0.563825 0.3 -0.241639
0.563825 0.3 -0.080546
0.724917 0.3 -0.080546
0.724917 0.3 -0.080546
0.563825 0.3 -0.080546
0.563825 0.3 0.080546
0.724917 0.3 0.080546
0.724917 0.3 0.080546
0.563825 0.3 0.080546
0.563825 0.3 0.241639
0.724917 0.3 0.241639
0.724917 0.3 0.241639
0.563825 0.3 0.241639
0.563825 0.3 0.402732
0.724917 0.3 0.402732
0.724917 0.3 0.402732
0.563825 0.3 0.402732
0.563825 0.3 0.563825
0.724917 0.3 0.563825
0.724917 0.3 0.563825
0.563825 0.3 0.563825
0.563825 0.3 0.724917
0.724917 0.3 0.724917
0.563825 0.3 -0.88601
0.402732 0.3 -0.88601
0.402732 0.3 -0.724917
0.563825 0.3 -0.724917
0.563825 0.3 -0.724917
0.402732 0.3 -0.724917
0.402732 0.3 -0.563825
0.563825 0.3 -0.563825
0.563825 0.3 -0.563825
0.402732 0.3 -0.563825
0.402732 0.3 -0.402732
0.563825 0.3 -0.402732
0.563825 0.3 -0.402732
0.402732 0.3 -0.402732
0.402732 0.3 -0.241639
0.563825 0.3 -0.241639
0.563825 0.3 -0.241639
0.402732 0.3 -0.241639
0.402732 0.3 -0.080546
0.563825 0.3 -0.080546
0.563825 0.3 -0.080546
0.402732 0.3 -0.080546
0.402732 0.3 0.080546
0.563825 0.3 0.080546
0.563825 0.3 0.080546
0.402732 0.3 0.080546
0.402732 0.3 0.241639
0.563825 0.3 0.241639
0.563825 0.3 0.241639
0.402732 0.3 0.241639
0.402732 0.3 0.402732
0.563825 0.3 0.402732
0.563825 0.3 0.402732
0.402732 0.3 0.402732
0.402732 0.3 0.563825
0.563825 0.3 0.563825
0.563825 0.3 0.563825
0.402732 0.3 0.563825
0.402732 0.3 0.724917
0.563825 0.3 0.724917
0.402732 0.3 -0.88601
0.241639 0.3 -0.88601
0.241639 0.3 -0.724917
0.402732 0.3 -0.724917
0.402732 0.3 -0.724917
0.241639 0.3 -0.724917
0.241639 0.3 -0.563825
0.402732 0.3 -0.563825
0.402732 0.3 -0.563825
0.241639 0.3 -0.563825
0.241639 0.3 -0.402732
0.402732 0.3 -0.402732
0.402732 0.3 -0.402732
0.241639 0.3 -0.402732
0.241639 0.3 -0.241639
0.402732 0.3 -0.241639
0.402732 0.3 -0.241639
0.241639 0.3 -0.241639
0.241639 0.3 -0.080546
0.402732 0.3 -0.080546
0.402732 0.3 -0.080546
0.241639 0.3 -0.080546
0.241639 0.3 0.080546
0.402732 0.3 0.080546
0.402732 0.3 0.080546
0.241639 0.3 0.080546
0.241639 0.3 0.241639
0.402732 0.3 0.241639
0.402732 0.3 0.241639
0.241639 0.3 0.241639
0.241639 0.3 0.402732
0.402732 0.3 0.402732
0.402732 0.3 0.402732
0.241639 0.3 0.402732
0.241639 0.3 0.563825
0.402732 0.3 0.563825
0.402732 0.3 0.563825
0.241639 0.3 0.563825
0.241639 0.3 0.724917
0.402732 0.3 0.724917
0.241639 0.3 -0.88601
0.080546 0.3 -0.88601
0.080546 0.3 -0.724917
0.241639 0.3 -0.724917
0.241639 0.3 -0.724917
0.080546 0.3 -0.724917
0.080546 0.3 -0.563825
0.241639 0.3 -0.563825
0.241639 0.3 -0.563825
0.080546 0.3 -0.563825
0.080546 0.3 -0.402732
0.241639 0.3 -0.402732
0.241639 0.3 -0.402732
0.080546 0.3 -0.402732
0.080546 0.3 -0.241639
0.241639 0.3 -0.241639
0.241639 0.3 -0.241639
0.080546 0.3 -0.241639
0.080546 0.3 -0.080546
0.241639 0.3 -0.080546
0.241639 0.3 -0.080546
0.080546 0.3 -0.080546
0.080546 0.3 0.080546
0.241639 0.3 0.080546
0.241639 0.3 0.080546
0.080546 0.3 0.080546
0.080546 0.3 0.241639
0.241639 0.3 0.241639
0.241639 0.3 0.241639
0.080546 0.3 0.241639
0.080546 0.3 0.402732
0.241639 0.3 0.402732
0.241639 0.3 0.402732
0.080546 0.3 0.402732
0.080546 0.3 0.563825
0.241639 0.3 0.563825
0.241639 0.3 0.563825
0.080546 0.3 0.563825
0.080546 0.3 0.724917
0.241639 0.3 0.724917
0.080546 0.3 -0.88601
-0.080546 0.3 -0.88601
-0.080546 0.3 -0.724917
0.080546 0.3 -0.724917
0.080546 0.3 -0.724917
-0.080546 0.3 -0.724917
-0.080546 0.3 -0.563825
0.080546 0.3 -0.563825
0.080546 0.3 -0.563825
-0.080546 0.3 -0.563825
-0.080546 0.3 -0.402732
0.080546 0.3 -0.402732
0.080546 0.3 -0.402732
-0.080546 0.3 -0.402732
-0.080546 0.3 -0.241639
0.080546 0.3 -0.241639
0.080546 0.3 -0.241639
-0.080546 0.3 -0.241639
-0.080546 0.3 -0.080546
0.080546 0.3 -0.080546
0.080546 0.3 -0.080546
-0.080546 0.3 -0.080546
-0.080546 0.3 0.080546
0.080546 0.3 0.080546
0.080546 0.3 0.080546
-0.080546 0.3 0.080546
-0.080546 0.3 0.241639
0.080546 0.3 0.241639
0.080546 0.3 0.241639
-0.080546 0.3 0.241639
-0.080546 0.3 0.402732
0.080546 0.3 0.402732
0.080546 0.3 0.402732
-0.080546 0.3 0.402732
-0.080546 0.3 0.563825
0.080546 0.3 0.563825
0.080546 0.3 0.563825
-0.080546 0.3 0.563825
-0.080546 0.3 0.724917
0.080546 0.3 0.724917
-0.080546 0.3 -0.88601
-0.241639 0.3 -0.88601
-0.241639 0.3 -0.724917
-0.080546 0.3 -0.724917
-0.080546 0.3 -0.724917
-0.241639 0.3 -0.724917
-0.241639 0.3 -0.563825
-0.080546 0.3 -0.563825
-0.080546 0.3 -0.563825
-0.241639 0.3 -0.563825
-0.241639 0.3 -0.402732
-0.080546 0.3 -0.402732
-0.080546 0.3 -0.402732
-0.241639 0.3 -0.402732
-0.241639 0.3 -0.241639
-0.080546 0.3 -0.241639
-0.080546 0.3 -0.241639
-0.241639 0.3 -0.241639
-0.241639 0.3 -0.080546
-0.080546 0.3 -0.080546
-0.080546 0.3 -0.080546
-0.241639 0.3 -0.080546
-0.241639 0.3 0.080546
-0.080546 0.3 0.080546
-0.080546 0.3 0.080546
-0.241639 0.3 0.080546
-0.241639 0.3 0.241639
-0.080546 0.3 0.241639
-0.080546 0.3 0.241639
-0.241639 0.3 0.241639
-0.241639 0.3 0.402732
-0.080546 0.3 0.402732
-0.080546 0.3 0.402732
-0.241639 0.3 0.402732
-0.241639 0.3 0.563825
-0.080546 0.3 0.563825
-0.080546 0.3 0.563825
-0.241639 0.3 0.563825
-0.241639 0.3 0.724917
-0.080546 0.3 0.724917
-0.241639 0.3 -0.88601
-0.402732 0.3 -0.88601
-0.402732 0.3 -0.724917
-0.241639 0.3 -0.724917
-0.241639 0.3 -0.724917
-0.402732 0.3 -0.724917
-0.402732 0.3 -0.563825
-0.241639 0.3 -0.563825
-0.241639 0.3 -0.563825
-0.402732 0.3 -0.563825
-0.402732 0.3 -0.402732
-0.241639 0.3 -0.402732
-0.241639 0.3 -0.402732
-0.402732 0.3 -0.402732
-0.402732 0.3 -0.241639
-0.241639 0.3 -0.241639
-0.241639 0.3 -0.241639
-0.402732 0.3 -0.241639
-0.402732 0.3 -0.080546
-0.241639 0.3 -0.080546
-0.241639 0.3 -0.080546
-0.402732 0.3 -0.080546
-0.402732 0.3 0.080546
-0.241639 0.3 0.080546
-0.241639 0.3 0.080546
-0.402732 0.3 0.080546
-0.402732 0.3 0.241639
-0.241639 0.3 0.241639
-0.241639 0.3 0.241639
-0.402732 0.3 0.241639
-0.402732 0.3 0.402732
-0.241639 0.3 0.402732
-0.241639 0.3 0.402732
-0.402732 0.3 0.402732
-0.402732 0.3 0.563825
-0.241639 0.3 0.563825
-0.241639 0.3 0.563825
-0.402732 0.3 0.563825
-0.402732 0.3 0.724917
-0.241639 0.3 0.724917
-0.402732 0.3 -0.88601
-0.563825 0.3 -0.88601
-0.563825 0.3 -0.724917
-0.402732 0.3 -0.724917
-0.402732 0.3 -0.724917
-0.563825 0.3 -0.724917
-0.563825 0.3 -0.563825
-0.402732 0.3 -0.563825
-0.402732 0.3 -0.563825
-0.563825 0.3 -0.563825
-0.563825 0.3 -0.402732
-0.402732 0.3 -0.402732
-0.402732 0.3 -0.402732
-0.563825 0.3 -0.402732
-0.563825 0.3 -0.241639
-0.402732 0.3 -0.241639
-0.402732 0.3 -0.241639
-0.563825 0.3 -0.241639
-0.563825 0.3 -0.080546
-0.402732 0.3 -0.080546
-0.402732 0.3 -0.080546
-0.563825 0.3 -0.080546
-0.563825 0.3 0.080546
-0.402732 0.3 0.080546
-0.402732 0.3 0.080546
-0.563825 0.3 0.080546
-0.563825 0.3 0.241639
-0.402732 0.3 0.241639
-0.402732 0.3 0.241639
-0.563825 0.3 0.241639
-0.563825 0.3 0.402732
-0.402732 0.3 0.402732
-0.402732 0.3 0.402732
-0.563825 0.3 0.402732
-0.563825 0.3 0.563825
-0.402732 0.3 0.563825
-0.402732 0.3 0.563825
-0.563825 0.3 0.563825
-0.563825 0.3 0.724917
-0.402732 0.3 0.724917
-0.563825 0.3 -0.88601
-0.724917 0.3 -0.88601
-0.724917 0.3 -0.724917
-0.563825 0.3 -0.724917
-0.563825 0.3 -0.724917
-0.724917 0.3 -0.724917
-0.724917 0.3 -0.563825
-0.563825 0.3 -0.563825
-0.563825 0.3 -0.563825
-0.724917 0.3 -0.563825
-0.724917 0.3 -0.402732
-0.563825 0.3 -0.402732
-0.563825 0.3 -0.402732
-0.724917 0.3 -0.402732
-0.724917 0.3 -0.241639
-0.563825 0.3 -0.241639
-0.563825 0.3 -0.241639
-0.724917 0.3 -0.241639
-0.724917 0.3 -0.080546
-0.563825 0.3 -0.080546
-0.563825 0.3 -0.080546
-0.724917 0.3 -0.080546
-0.724917 0.3 0.080546
-0.563825 0.3 0.080546
-0.563825 0.3 0.080546
-0.724917 0.3 0.080546
-0.724917 0.3 0.241639
-0.563825 0.3 0.241639
-0.563825 0.3 0.241639
-0.724917 0.3 0.241639
-0.724917 0.3 0.402732
-0.563825 0.3 0.402732
-0.563825 0.3 0.402732
-0.724917 0.3 0.402732
-0.724917 0.3 0.563825
-0.563825 0.3 0.563825
-0.563825 0.3 0.563825
-0.724917 0.3 0.563825
-0.724917 0.3 0.724917
-0.563825 0.3 0.724917
-0.724917 0.3 -0.88601
-0.88601 0.3 -0.88601
-0.88601 0.3 -0.724917
-0.724917 0.3 -0.724917
-0.724917 0.3 -0.724917
-0.88601 0.3 -0.724917
-0.88601 0.3 -0.563825
-0.724917 0.3 -0.563825
-0.724917 0.3 -0.563825
-0.88601 0.3 -0.563825
-0.88601 0.3 -0.402732
-0.724917 0.3 -0.402732
-0.724917 0.3 -0.402732
-0.88601 0.3 -0.402732
-0.88601 0.3 -0.241639
-0.724917 0.3 -0.241639
-0.724917 0.3 -0.241639
-0.88601 0.3 -0.241639
-0.88601 0.3 -0.080546
-0.724917 0.3 -0.080546
-0.724917 0.3 -0.080546
-0.88601 0.3 -0.080546
-0.88601 0.3 0.080546
-0.724917 0.3 0.080546
-0.724917 0.3 0.080546
-0.88601 0.3 0.080546
-0.88601 0.3 0.241639
-0.724917 0.3 0.241639
-0.724917 0.3 0.241639
-0.88601 0.3 0.241639
-0.88601 0.3 0.402732
-0.724917 0.3 0.402732
-0.724917 0.3 0.402732
-0.88601 0.3 0.402732
-0.88601 0.3 0.563825
-0.724917 0.3 0.563825
-0.724917 0.3 0.563825
-0.88601 0.3 0.563825
-0.88601 0.3 0.724917
-0.724917 0.3 0.724917
-1 -0.3 0.818182
-0.818182 -0.3 0.818182
-0.818182 -0.3 1
-1 -0.3 1
-0.818182 -0.3 0.818182
-0.636364 -0.3 0.818182
-0.636364 -0.3 1
-0.818182 -0.3 1
-0.636364 -0.3 0.818182
-0.454545 -0.3 0.818182
-0.454545 -0.3 1
-0.636364 -0.3 1
-0.454545 -0.3 0.818182
-0.272727 -0.3 0.818182
-0.272727 -0.3 1
-0.454545 -0.3 1
-0.272727 -0.3 0.818182
-0.090909 -0.3 0.818182
-0.090909 -0.3 1
-0.272727 -0.3 1
-0.090909 -0.3 0.818182
0.090909 -0.3 0.818182
0.090909 -0.3 1
-0.090909 -0.3 1
0.090909 -0.3 0.818182
0.272727 -0.3 0.818182
0.272727 -0.3 1
0.090909 -0.3 1
0.272727 -0.3 0.818182
0.454545 -0.3 0.818182
0.454545 -0.3 1
0.272727 -0.3 1
0.454545 -0.3 0.818182
0.636364 -0.3 0.818182
0.636364 -0.3 1
0.454545 -0.3 1
0.636364 -0.3 0.818182
0.818182 -0.3 0.818182
0.818182 -0.3 1
0.636364 -0.3 1
-1 -0.3 -1
-0.818182 -0.3 -1
-0.818182 -0.3 -0.818182
-1 -0.3 -0.818182
-1 -0.3 -0.818182
-0.818182 -0.3 -0.818182
-0.818182 -0.3 -0.636364
-1 -0.3 -0.636364
-1 -0.3 -0.636364
-0.818182 -0.3 -0.636364
-0.818182 -0.3 -0.454545
-1 -0.3 -0.454545
-1 -0.3 -0.454545
-0.818182 -0.3 -0.454545
-0.818182 -0.3 -0.272727
-1 -0.3 -0.272727
-1 -0.3 -0.272727
-0.818182 -0.3 -0.272727
-0.818182 -0.3 -0.090909
-1 -0.3 -0.090909
-1 -0.3 -0.090909
-0.818182 -0.3 -0.090909
-0.818182 -0.3 0.090909
-1 -0.3 0.090909
-1 -0.3 0.090909
-0.818182 -0.3 0.090909
-0.818182 -0.3 0.272727
-1 -0.3 0.272727
-1 -0.3 0.272727
-0.818182 -0.3 0.272727
-0.818182 -0.3 0.454545
-1 -0.3 0.454545
-1 -0.3 0.454545
-0.818182 -0.3 0.454545
-0.818182 -0.3 0.636364
-1 -0.3 0.636364
-1 -0.3 0.636364
-0.818182 -0.3 0.636364
-0.818182 -0.3 0.818182
-1 -0.3 0.818182
-0.818182 -0.3 -1
-0.636364 -0.3 -1
-0.636364 -0.3 -0.818182
-0.818182 -0.3 -0.818182
-0.818182 -0.3 -0.818182
-0.636364 -0.3 -0.818182
-0.636364 -0.3 -0.636364
-0.818182 -0.3 -0.636364
-0.818182 -0.3 -0.636364
-0.636364 -0.3 -0.636364
-0.636364 -0.3 -0.454545
-0.818182 -0.3 -0.454545
-0.818182 -0.3 -0.454545
-0.636364 -0.3 -0.454545
-0.636364 -0.3 -0.272727
-0.818182 -0.3 -0.272727
-0.818182 -0.3 -0.272727
-0.636364 -0.3 -0.272727
-0.636364 -0.3 -0.090909
-0.818182 -0.3 -0.090909
-0.818182 -0.3 -0.090909
-0.636364 -0.3 -0.090909
-0.636364 -0.3 0.090909
-0.818182 -0.3 0.090909
-0.818182 -0.3 0.090909
-0.636364 -0.3 0.090909
-0.636364 -0.3 0.272727
-0.818182 -0.3 0.272727
-0.818182 -0.3 0.272727
-0.636364 -0.3 0.272727
-0.636364 -0.3 0.454545
-0.818182 -0.3 0.454545
-0.818182 -0.3 0.454545
-0.636364 -0.3 0.454545
-0.636364 -0.3 0.636364
-0.818182 -0.3 0.636364
-0.818182 -0.3 0.636364
-0.636364 -0.3 0.636364
-0.636364 -0.3 0.818182
-0.818182 -0.3 0.818182
-0.636364 -0.3 -1
-0.454545 -0.3 -1
-0.454545 -0.3 -0.818182
-0.636364 -0.3 -0.818182
-0.636364 -0.3 -0.818182
-0.454545 -0.3 -0.818182
-0.454545 -0.3 -0.636364
-0.636364 -0.3 -0.636364
-0.636364 -0.3 -0.636364
-0.454545 -0.3 -0.636364
-0.454545 -0.3 -0.454545
-0.636364 -0.3 -0.454545
-0.636364 -0.3 -0.454545
-0.454545 -0.3 -0.454545
-0.454545 -0.3 -0.272727
-0.636364 -0.3 -0.272727
-0.636364 -0.3 -0.272727
-0.454545 -0.3 -0.272727
-0.454545 -0.3 -0.090909
-0.636364 -0.3 -0.090909
-0.636364 -0.3 -0.090909
-0.454545 -0.3 -0.090909
-0.454545 -0.3 0.090909
-0.636364 -0.3 0.090909
-0.636364 -0.3 0.090909
-0.454545 -0.3 0.090909
-0.454545 -0.3 0.272727
-0.636364 -0.3 0.272727
-0.636364 -0.3 0.272727
-0.454545 -0.3 0.272727
-0.454545 -0.3 0.454545
-0.636364 -0.3 0.454545
-0.636364 -0.3 0.454545
-0.454545 -0.3 0.454545
-0.454545 -0.3 0.636364
-0.636364 -0.3 0.636364
-0.636364 -0.3 0.636364
-0.454545 -0.3 0.636364
-0.454545 -0.3 0.818182
-0.636364 -0.3 0.818182
-0.454545 -0.3 -1
-0.272727 -0.3 -1
-0.272727 -0.3 -0.818182
-0.454545 -0.3 -0.818182
-0.454545 -0.3 -0.818182
-0.272727 -0.3 -0.818182
-0.272727 -0.3 -0.636364
-0.454545 -0.3 -0.636364
-0.454545 -0.3 -0.636364
-0.272727 -0.3 -0.636364
-0.272727 -0.3 -0.454545
-0.454545 -0.3 -0.454545
-0.454545 -0.3 -0.454545
-0.272727 -0.3 -0.454545
-0.272727 -0.3 -0.272727
-0.454545 -0.3 -0.272727
-0.454545 -0.3 -0.272727
-0.272727 -0.3 -0.272727
-0.272727 -0.3 -0.090909
-0.454545 -0.3 -0.090909
-0.454545 -0.3 -0.090909
-0.272727 -0.3 -0.090909
-0.272727 -0.3 0.090909
-0.454545 -0.3 0.090909
-0.454545 -0.3 0.090909
-0.272727 -0.3 0.090909
-0.272727 -0.3 0.272727
-0.454545 -0.3 0.272727
-0.454545 -0.3 0.272727
-0.272727 -0.3 0.272727
-0.272727 -0.3 0.454545
-0.454545 -0.3 0.454545
-0.454545 -0.3 0.454545
-0.272727 -0.3 0.454545
-0.272727 -0.3 0.636364
-0.454545 -0.3 0.636364
-0.454545 -0.3 0.636364
-0.272727 -0.3 0.636364
-0.272727 -0.3 0.818182
-0.454545 -0.3 0.818182
-0.272727 -0.3 -1
-0.090909 -0.3 -1
-0.090909 -0.3 -0.818182
-0.272727 -0.3 -0.818182
-0.272727 -0.3 -0.818182
-0.090909 -0.3 -0.818182
-0.090909 -0.3 -0.636364
-0.272727 -0.3 -0.636364
-0.272727 -0.3 -0.636364
-0.090909 -0.3 -0.636364
-0.090909 -0.3 -0.454545
-0.272727 -0.3 -0.454545
-0.272727 -0.3 -0.454545
-0.090909 -0.3 -0.454545
-0.090909 -0.3 -0.272727
-0.272727 -0.3 -0.272727
-0.272727 -0.3 -0.272727
-0.090909 -0.3 -0.272727
-0.090909 -0.3 -0.090909
-0.272727 -0.3 -0.090909
-0.272727 -0.3 -0.090909
-0.090909 -0.3 -0.090909
-0.090909 -0.3 0.090909
-0.272727 -0.3 0.090909
-0.272727 -0.3 0.090909
-0.090909 -0.3 0.090909
-0.090909 -0.3 0.272727
-0.272727 -0.3 0.272727
-0.272727 -0.3 0.272727
-0.090909 -0.3 0.272727
-0.090909 -0.3 0.454545
-0.272727 -0.3 0.454545
-0.272727 -0.3 0.454545
-0.090909 -0.3 0.454545
-0.090909 -0.3 0.636364
-0.272727 -0.3 0.636364
-0.272727 -0.3 0.636364
-0.090909 -0.3 0.636364
-0.090909 -0.3 0.818182
-0.272727 -0.3 0.818182
-0.090909 -0.3 -1
0.090909 -0.3 -1
0.090909 -0.3 -0.818182
-0.090909 -0.3 -0.818182
-0.090909 -0.3 -0.818182
0.090909 -0.3 -0.818182
0.090909 -0.3 -0.636364
-0.090909 -0.3 -0.636364
-0.090909 -0.3 -0.636364
0.090909 -0.3 -0.636364
0.090909 -0.3 -0.454545
-0.090909 -0.3 -0.454545
-0.090909 -0.3 -0.454545
0.090909 -0.3 -0.454545
0.090909 -0.3 -0.272727
-0.090909 -0.3 -0.272727
-0.090909 -0.3 -0.272727
0.090909 -0.3 -0.272727
0.090909 -0.3 -0.090909
-0.090909 -0.3 -0.090909
-0.090909 -0.3 -0.090909
0.090909 -0.3 -0.090909
0.090909 -0.3 0.090909
-0.090909 -0.3 0.090909
-0.090909 -0.3 0.090909
0.090909 -0.3 0.090909
0.090909 -0.3 0.272727
-0.090909 -0.3 0.272727
-0.090909 -0.3 0.272727
0.090909 -0.3 0.272727
0.090909 -0.3 0.454545
-0.090909 -0.3 0.454545
-0.090909 -0.3 0.454545
0.090909 -0.3 0.454545
0.090909 -0.3 0.636364
-0.090909 -0.3 0.636364
-0.090909 -0.3 0.636364
0.090909 -0.3 0.636364
0.090909 -0.3 0.818182
-0.090909 -0.3 0.818182
0.090909 -0.3 -1
0.272727 -0.3 -1
0.272727 -0.3 -0.818182
0.090909 -0.3 -0.818182
0.090909 -0.3 -0.818182
0.272727 -0.3 -0.818182
0.272727 -0.3 -0.636364
0.090909 -0.3 -0.636364
0.090909 -0.3 -0.636364
0.272727 -0.3 -0.636364
0.272727 -0.3 -0.454545
0.090909 -0.3 -0.454545
0.090909 -0.3 -0.454545
0.272727 -0.3 -0.454545
0.272727 -0.3 -0.272727
0.090909 -0.3 -0.272727
0.090909 -0.3 -0.272727
0.272727 -0.3 -0.272727
0.272727 -0.3 -0.090909
0.090909 -0.3 -0.090909
0.090909 -0.3 -0.090909
0.272727 -0.3 -0.090909
0.272727 -0.3 0.090909
0.090909 -0.3 0.090909
0.090909 -0.3 0.090909
0.272727 -0.3 0.090909
0.272727 -0.3 0.272727
0.090909 -0.3 0.272727
0.090909 -0.3 0.272727
0.272727 -0.3 0.272727
0.272727 -0.3 0.454545
0.090909 -0.3 0.454545
0.090909 -0.3 0.454545
0.272727 -0.3 0.454545
0.272727 -0.3 0.636364
0.090909 -0.3 0.636364
0.090909 -0.3 0.636364
0.272727 -0.3 0.636364
0.272727 -0.3 0.818182
0.090909 -0.3 0.818182
0.272727 -0.3 -1
0.454545 -0.3 -1
0.454545 -0.3 -0.818182
0.272727 -0.3 -0.818182
0.272727 -0.3 -0.818182
0.454545 -0.3 -0.818182
0.454545 -0.3 -0.636364
0.272727 -0.3 -0.636364
0.272727 -0.3 -0.636364
0.454545 -0.3 -0.636364
0.454545 -0.3 -0.454545
0.272727 -0.3 -0.454545
0.272727 -0.3 -0.454545
0.454545 -0.3 -0.454545
0.454545 -0.3 -0.272727
0.272727 -0.3 -0.272727
0.272727 -0.3 -0.272727
0.454545 -0.3 -0.272727
0.454545 -0.3 -0.090909
0.272727 -0.3 -0.090909
0.272727 -0.3 -0.090909
0.454545 -0.3 -0.090909
0.454545 -0.3 0.090909
0.272727 -0.3 0.090909
0.272727 -0.3 0.090909
0.454545 -0.3 0.090909
0.454545 -0.3 0.272727
0.272727 -0.3 0.272727
0.272727 -0.3 0.272727
0.454545 -0.3 0.272727
0.454545 -0.3 0.454545
0.272727 -0.3 0.454545
0.272727 -0.3 0.454545
0.454545 -0.3 0.454545
0.454545 -0.3 0.636364
0.272727 -0.3 0.636364
0.272727 -0.3 0.636364
0.454545 -0.3 0.636364
0.454545 -0.3 0.818182
0.272727 -0.3 0.818182
0.454545 -0.3 -1
0.636364 -0.3 -1
0.636364 -0.3 -0.818182
0.454545 -0.3 -0.818182
0.454545 -0.3 -0.818182
0.636364 -0.3 -0.818182
0.636364 -0.3 -0.636364
0.454545 -0.3 -0.636364
0.454545 -0.3 -0.636364
0.636364 -0.3 -0.636364
0.636364 -0.3 -0.454545
0.454545 -0.3 -0.454545
0.454545 -0.3 -0.454545
0.636364 -0.3 -0.454545
0.636364 -0.3 -0.272727
0.454545 -0.3 -0.272727
0.454545 -0.3 -0.272727
0.636364 -0.3 -0.272727
0.636364 -0.3 -0.090909
0.454545 -0.3 -0.090909
0.454545 -0.3 -0.090909
0.636364 -0.3 -0.090909
0.636364 -0.3 0.090909
0.454545 -0.3 0.090909
0.454545 -0.3 0.090909
0.636364 -0.3 0.090909
0.636364 -0.3 0.272727
0.454545 -0.3 0.272727
0.454545 -0.3 0.272727
0.636364 -0.3 0.272727
0.636364 -0.3 0.454545
0.454545 -0.3 0.454545
0.454545 -0.3 0.454545
0.636364 -0.3 0.454545
0.636364 -0.3 0.636364
0.454545 -0.3 0.636364
0.454545 -0.3 0.636364
0.636364 -0.3 0.636364
0.636364 -0.3 0.818182
0.454545 -0.3 0.818182
0.636364 -0.3 -1
0.818182 -0.3 -1
0.818182 -0.3 -0.818182
0.636364 -0.3 -0.818182
0.636364 -0.3 -0.818182
0.818182 -0.3 -0.818182
0.818182 -0.3 -0.636364
0.636364 -0.3 -0.636364
0.636364 -0.3 -0.636364
0.818182 -0.3 -0.636364
0.818182 -0.3 -0.454545
0.636364 -0.3 -0.454545
0.636364 -0.3 -0.454545
0.818182 -0.3 -0.454545
0.818182 -0.3 -0.272727
0.636364 -0.3 -0.272727
0.636364 -0.3 -0.272727
0.818182 -0.3 -0.272727
0.818182 -0.3 -0.090909
0.636364 -0.3 -0.090909
0.636364 -0.3 -0.090909
0.818182 -0.3 -0.090909
0.818182 -0.3 0.090909
0.636364 -0.3 0.090909
0.636364 -0.3 0.090909
0.818182 -0.3 0.090909
0.818182 -0.3 0.272727
0.636364 -0.3 0.272727
0.636364 -0.3 0.272727
0.818182 -0.3 0.272727
0.818182 -0.3 0.454545
0.636364 -0.3 0.454545
0.636364 -0.3 0.454545
0.818182 -0.3 0.454545
0.818182 -0.3 0.636364
0.636364 -0.3 0.636364
0.636364 -0.3 0.636364
0.818182 -0.3 0.636364
0.818182 -0.3 0.818182
0.636364 -0.3 0.818182
0.818182 -0.3 -1
1 -0.3 -1
1 -0.3 -0.818182
0.818182 -0.3 -0.818182
0.818182 -0.3 -0.818182
1 -0.3 -0.818182
1 -0.3 -0.636364
0.818182 -0.3 -0.636364
0.818182 -0.3 -0.636364
1 -0.3 -0.636364
1 -0.3 -0.454545
0.818182 -0.3 -0.454545
0.818182 -0.3 -0.454545
1 -0.3 -0.454545
1 -0.3 -0.272727
0.818182 -0.3 -0.272727
0.818182 -0.3 -0.272727
1 -0.3 -0.272727
1 -0.3 -0.090909
0.818182 -0.3 -0.090909
0.818182 -0.3 -0.090909
1 -0.3 -0.090909
1 -0.3 0.090909
0.818182 -0.3 0.090909
0.818182 -0.3 0.090909
1 -0.3 0.090909
1 -0.3 0.272727
0.818182 -0.3 0.272727
0.818182 -0.3 0.272727
1 -0.3 0.272727
1 -0.3 0.454545
0.818182 -0.3 0.454545
0.818182 -0.3 0.454545
1 -0.3 0.454545
1 -0.3 0.636364
0.818182 -0.3 0.636364
0.818182 -0.3 0.636364
1 -0.3 0.636364
1 -0.3 0.818182
0.818182 -0.3 0.818182
-0.818182 -0.3 1
-0.818182 -0.245455 1
-1 -0.245455 1
-1 -0.3 1
-0.818182 -0.245455 1
-0.818182 -0.190909 1
-1 -0.190909 1
-1 -0.245455 1
-0.818182 -0.190909 1
-0.818182 -0.136364 1
-1 -0.136364 1
-1 -0.190909 1
-0.818182 -0.136364 1
-0.818182 -0.081818 1
-1 -0.081818 1
-1 -0.136364 1
-0.818182 -0.081818 1
-0.818182 -0.027273 1
-1 -0.027273 1
-1 -0.081818 1
-0.818182 -0.027273 1
-0.818182 0.027273 1
-1 0.027273 1
-1 -0.027273 1
-0.818182 0.027273 1
-0.818182 0.081818 1
-1 0.081818 1
-1 0.027273 1
-0.818182 0.081818 1
-0.818182 0.136364 1
-1 0.136364 1
-1 0.081818 1
-0.818182 0.136364 1
-0.818182 0.190909 1
-1 0.190909 1
-1 0.136364 1
-0.818182 0.190909 1
-0.818182 0.245455 1
-1 0.245455 1
-1 0.190909 1
1 -0.3 1
1 -0.245455 1
0.818182 -0.245455 1
0.818182 -0.3 1
0.818182 -0.3 1
0.818182 -0.245455 1
0.636364 -0.245455 1
0.636364 -0.3 1
0.636364 -0.3 1
0.636364 -0.245455 1
0.454545 -0.245455 1
0.454545 -0.3 1
0.454545 -0.3 1
0.454545 -0.245455 1
0.272727 -0.245455 1
0.272727 -0.3 1
0.272727 -0.3 1
0.272727 -0.245455 1
0.090909 -0.245455 1
0.090909 -0.3 1
0.090909 -0.3 1
0.090909 -0.245455 1
-0.090909 -0.245455 1
-0.090909 -0.3 1
-0.090909 -0.3 1
-0.090909 -0.245455 1
-0.272727 -0.245455 1
-0.272727 -0.3 1
-0.272727 -0.3 1
-0.272727 -0.245455 1
-0.454545 -0.245455 1
-0.454545 -0.3 1
-0.454545 -0.3 1
-0.454545 -0.245455 1
-0.636364 -0.245455 1
-0.636364 -0.3 1
-0.636364 -0.3 1
-0.636364 -0.245455 1
-0.818182 -0.245455 1
-0.818182 -0.3 1
1 -0.245455 1
1 -0.190909 1
0.818182 -0.190909 1
0.818182 -0.245455 1
0.818182 -0.245455 1
0.818182 -0.190909 1
0.636364 -0.190909 1
0.636364 -0.245455 1
0.636364 -0.245455 1
0.636364 -0.190909 1
0.454545 -0.190909 1
0.454545 -0.245455 1
0.454545 -0.245455 1
0.454545 -0.190909 1
0.272727 -0.190909 1
0.272727 -0.245455 1
0.272727 -0.245455 1
0.272727 -0.190909 1
0.090909 -0.190909 1
0.090909 -0.245455 1
0.090909 -0.245455 1
0.090909 -0.190909 1
-0.090909 -0.190909 1
-0.090909 -0.245455 1
-0.090909 -0.245455 1
-0.090909 -0.190909 1
-0.272727 -0.190909 1
-0.272727 -0.245455 1
-0.272727 -0.245455 1
-0.272727 -0.190909 1
-0.454545 -0.190909 1
-0.454545 -0.245455 1
-0.454545 -0.245455 1
-0.454545 -0.190909 1
-0.636364 -0.190909 1
-0.636364 -0.245455 1
-0.636364 -0.245455 1
-0.636364 -0.190909 1
-0.818182 -0.190909 1
-0.818182 -0.245455 1
1 -0.190909 1
1 -0.136364 1
0.818182 -0.136364 1
0.818182 -0.190909 1
0.818182 -0.190909 1
0.818182 -0.136364 1
0.636364 -0.136364 1
0.636364 -0.190909 1
0.636364 -0.190909 1
0.636364 -0.136364 1
0.454545 -0.136364 1
0.454545 -0.190909 1
0.454545 -0.190909 1
0.454545 -0.136364 1
0.272727 -0.136364 1
0.272727 -0.190909 1
0.272727 -0.190909 1
0.272727 -0.136364 1
0.090909 -0.136364 1
0.090909 -0.190909 1
0.090909 -0.190909 1
0.090909 -0.136364 1
-0.090909 -0.136364 1
-0.090909 -0.190909 1
-0.090909 -0.190909 1
-0.090909 -0.136364 1
-0.272727 -0.136364 1
-0.272727 -0.190909 1
-0.272727 -0.190909 1
-0.272727 -0.136364 1
-0.454545 -0.136364 1
-0.454545 -0.190909 1
-0.454545 -0.190909 1
-0.454545 -0.136364 1
-0.636364 -0.136364 1
-0.636364 -0.190909 1
-0.636364 -0.190909 1
-0.636364 -0.136364 1
-0.818182 -0.136364 1
-0.818182 -0.190909 1
1 -0.136364 1
1 -0.081818 1
0.818182 -0.081818 1
0.818182 -0.136364 1
0.818182 -0.136364 1
0.818182 -0.081818 1
0.636364 -0.081818 1
0.636364 -0.136364 1
0.636364 -0.136364 1
0.636364 -0.081818 1
0.454545 -0.081818 1
0.454545 -0.136364 1
0.454545 -0.136364 1
0.454545 -0.081818 1
0.272727 -0.081818 1
0.272727 -0.136364 1
0.272727 -0.136364 1
0.272727 -0.081818 1
0.090909 -0.081818 1
0.090909 -0.136364 1
0.090909 -0.136364 1
0.090909 -0.081818 1
-0.090909 -0.081818 1
-0.090909 -0.136364 1
-0.090909 -0.136364 1
-0.090909 -0.081818 1
-0.272727 -0.081818 1
-0.272727 -0.136364 1
-0.272727 -0.136364 1
-0.272727 -0.081818 1
-0.454545 -0.081818 1
-0.454545 -0.136364 1
-0.454545 -0.136364 1
-0.454545 -0.081818 1
-0.636364 -0.081818 1
-0.636364 -0.136364 1
-0.636364 -0.136364 1
-0.636364 -0.081818 1
-0.818182 -0.081818 1
-0.818182 -0.136364 1
1 -0.081818 1
1 -0.027273 1
0.818182 -0.027273 1
0.818182 -0.081818 1
0.818182 -0.081818 1
0.818182 -0.027273 1
0.636364 -0.027273 1
0.636364 -0.081818 1
0.636364 -0.081818 1
0.636364 -0.027273 1
0.454545 -0.027273 1
0.454545 -0.081818 1
0.454545 -0.081818 1
0.454545 -0.027273 1
0.272727 -0.027273 1
0.272727 -0.081818 1
0.272727 -0.081818 1
0.272727 -0.027273 1
0.090909 -0.027273 1
0.090909 -0.081818 1
0.090909 -0.081818 1
0.090909 -0.027273 1
-0.090909 -0.027273 1
-0.090909 -0.081818 1
-0.090909 -0.081818 1
-0.090909 -0.027273 1
-0.272727 -0.027273 1
-0.272727 -0.081818 1
-0.272727 -0.081818 1
-0.272727 -0.027273 1
-0.454545 -0.027273 1
-0.454545 -0.081818 1
-0.454545 -0.081818 1
-0.454545 -0.027273 1
-0.636364 -0.027273 1
-0.636364 -0.081818 1
-0.636364 -0.081818 1
-0.636364 -0.027273 1
-0.818182 -0.027273 1
-0.818182 -0.081818 1
1 -0.027273 1
1 0.027273 1
0.818182 0.027273 1
0.818182 -0.027273 1
0.818182 -0.027273 1
0.818182 0.027273 1
0.636364 0.027273 1
0.636364 -0.027273 1
0.636364 -0.027273 1
0.636364 0.027273 1
0.454545 0.027273 1
0.454545 -0.027273 1
0.454545 -0.027273 1
0.454545 0.027273 1
0.272727 0.027273 1
0.272727 -0.027273 1
0.272727 -0.027273 1
0.272727 0.027273 1
0.090909 0.027273 1
0.090909 -0.027273 1
0.090909 -0.027273 1
0.090909 0.027273 1
-0.090909 0.027273 1
-0.090909 -0.027273 1
-0.090909 -0.027273 1
-0.090909 0.027273 1
-0.272727 0.027273 1
-0.272727 -0.027273 1
-0.272727 -0.027273 1
-0.272727 0.027273 1
-0.454545 0.027273 1
-0.454545 -0.027273 1
-0.454545 -0.027273 1
-0.454545 0.027273 1
-0.636364 0.027273 1
-0.636364 -0.027273 1
-0.636364 -0.027273 1
-0.636364 0.027273 1
-0.818182 0.027273 1
-0.818182 -0.027273 1
1 0.027273 1
1 0.081818 1
0.818182 0.081818 1
0.818182 0.027273 1
0.818182 0.027273 1
0.818182 0.081818 1
0.636364 0.081818 1
0.636364 0.027273 1
0.636364 0.027273 1
0.636364 0.081818 1
0.454545 0.081818 1
0.454545 0.027273 1
0.454545 0.027273 1
0.454545 0.081818 1
0.272727 0.081818 1
0.272727 0.027273 1
0.272727 0.027273 1
0.272727 0.081818 1
0.090909 0.081818 1
0.090909 0.027273 1
0.090909 0.027273 1
0.090909 0.081818 1
-0.090909 0.081818 1
-0.090909 0.027273 1
-0.090909 0.027273 1
-0.090909 0.081818 1
-0.272727 0.081818 1
-0.272727 0.027273 1
-0.272727 0.027273 1
-0.272727 0.081818 1
-0.454545 0.081818 1
-0.454545 0.027273 1
-0.454545 0.027273 1
-0.454545 0.081818 1
-0.636364 0.081818 1
-0.636364 0.027273 1
-0.636364 0.027273 1
-0.636364 0.081818 1
-0.818182 0.081818 1
-0.818182 0.027273 1
1 0.081818 1
1 0.136364 1
0.818182 0.136364 1
0.818182 0.081818 1
0.818182 0.081818 1
0.818182 0.136364 1
0.636364 0.136364 1
0.636364 0.081818 1
0.636364 0.081818 1
0.636364 0.136364 1
0.454545 0.136364 1
0.454545 0.081818 1
0.454545 0.081818 1
0.454545 0.136364 1
0.272727 0.136364 1
0.272727 0.081818 1
0.272727 0.081818 1
0.272727 0.136364 1
0.090909 0.136364 1
0.090909 0.081818 1
0.090909 0.081818 1
0.090909 0.136364 1
-0.090909 0.136364 1
-0.090909 0.081818 1
-0.090909 0.081818 1
-0.090909 0.136364 1
-0.272727 0.136364 1
-0.272727 0.081818 1
-0.272727 0.081818 1
-0.272727 0.136364 1
-0.454545 0.136364 1
-0.454545 0.081818 1
-0.454545 0.081818 1
-0.454545 0.136364 1
-0.636364 0.136364 1
-0.636364 0.081818 1
-0.636364 0.081818 1
-0.636364 0.136364 1
-0.818182 0.136364 1
-0.818182 0.081818 1
1 0.136364 1
1 0.190909 1
0.818182 0.190909 1
0.818182 0.136364 1
0.818182 0.136364 1
0.818182 0.190909 1
0.636364 0.190909 1
0.636364 0.136364 1
0.636364 0.136364 1
0.636364 0.190909 1
0.454545 0.190909 1
0.454545 0.136364 1
0.454545 0.136364 1
0.454545 0.190909 1
0.272727 0.190909 1
0.272727 0.136364 1
0.272727 0.136364 1
0.272727 0.190909 1
0.090909 0.190909 1
0.090909 0.136364 1
0.090909 0.136364 1
0.090909 0.190909 1
-0.090909 0.190909 1
-0.090909 0.136364 1
-0.090909 0.136364 1
-0.090909 0.190909 1
-0.272727 0.190909 1
-0.272727 0.136364 1
-0.272727 0.136364 1
-0.272727 0.190909 1
-0.454545 0.190909 1
-0.454545 0.136364 1
-0.454545 0.136364 1
-0.454545 0.190909 1
-0.636364 0.190909 1
-0.636364 0.136364 1
-0.636364 0.136364 1
-0.636364 0.190909 1
-0.818182 0.190909 1
-0.818182 0.136364 1
1 0.190909 1
1 0.245455 1
0.818182 0.245455 1
0.818182 0.190909 1
0.818182 0.190909 1
0.818182 0.245455 1
0.636364 0.245455 1
0.636364 0.190909 1
0.636364 0.190909 1
0.636364 0.245455 1
0.454545 0.245455 1
0.454545 0.190909 1
0.454545 0.190909 1
0.454545 0.245455 1
0.272727 0.245455 1
0.272727 0.190909 1
0.272727 0.190909 1
0.272727 0.245455 1
0.090909 0.245455 1
0.090909 0.190909 1
0.090909 0.190909 1
0.090909 0.245455 1
-0.090909 0.245455 1
-0.090909 0.190909 1
-0.090909 0.190909 1
-0.090909 0.245455 1
-0.272727 0.245455 1
-0.272727 0.190909 1
-0.272727 0.190909 1
-0.272727 0.245455 1
-0.454545 0.245455 1
-0.454545 0.190909 1
-0.454545 0.190909 1
-0.454545 0.245455 1
-0.636364 0.245455 1
-0.636364 0.190909 1
-0.636364 0.190909 1
-0.636364 0.245455 1
-0.818182 0.245455 1
-0.818182 0.190909 1
1 0.245455 1
0.88601 0.3 0.88601
0.724917 0.3 0.88601
0.818182 0.245455 1
0.818182 0.245455 1
0.724917 0.3 0.88601
0.563825 0.3 0.88601
0.636364 0.245455 1
0.636364 0.245455 1
0.563825 0.3 0.88601
0.402732 0.3 0.88601
0.454545 0.245455 1
0.454545 0.245455 1
0.402732 0.3 0.88601
0.241639 0.3 0.88601
0.272727 0.245455 1
0.272727 0.245455 1
0.241639 0.3 0.88601
0.080546 0.3 0.88601
0.090909 0.245455 1
0.090909 0.245455 1
0.080546 0.3 0.88601
-0.080546 0.3 0.88601
-0.090909 0.245455 1
-0.090909 0.245455 1
-0.080546 0.3 0.88601
-0.241639 0.3 0.88601
-0.272727 0.245455 1
-0.272727 0.245455 1
-0.241639 0.3 0.88601
-0.402732 0.3 0.88601
-0.454545 0.245455 1
-0.454545 0.245455 1
-0.402732 0.3 0.88601
-0.563825 0.3 0.88601
-0.636364 0.245455 1
-0.636364 0.245455 1
-0.563825 0.3 0.88601
-0.724917 0.3 0.88601
-0.818182 0.245455 1
1 -0.3 0.818182
1 -0.245455 0.818182
1 -0.245455 1
1 -0.3 1
1 -0.245455 0.818182
1 -0.190909 0.818182
1 -0.190909 1
1 -0.245455 1
1 -0.190909 0.818182
1 -0.136364 0.818182
1 -0.136364 1
1 -0.190909 1
1 -0.136364 0.818182
1 -0.081818 0.818182
1 -0.081818 1
1 -0.136364 1
1 -0.081818 0.818182
1 -0.027273 0.818182
1 -0.027273 1
1 -0.081818 1
1 -0.027273 0.818182
1 0.027273 0.818182
1 0.027273 1
1 -0.027273 1
1 0.027273 0.818182
1 0.081818 0.818182
1 0.081818 1
1 0.027273 1
1 0.081818 0.818182
1 0.136364 0.818182
1 0.136364 1
1 0.081818 1
1 0.136364 0.818182
1 0.190909 0.818182
1 0.190909 1
1 0.136364 1
1 0.190909 0.818182
1 0.245455 0.818182
1 0.245455 1
1 0.190909 1
1 -0.3 -1
1 -0.245455 -1
1 -0.245455 -0.818182
1 -0.3 -0.818182
1 -0.3 -0.818182
1 -0.245455 -0.818182
1 -0.245455 -0.636364
1 -0.3 -0.636364
1 -0.3 -0.636364
1 -0.245455 -0.636364
1 -0.245455 -0.454545
1 -0.3 -0.454545
1 -0.3 -0.454545
1 -0.245455 -0.454545
1 -0.245455 -0.272727
1 -0.3 -0.272727
1 -0.3 -0.272727
1 -0.245455 -0.272727
1 -0.245455 -0.090909
1 -0.3 -0.090909
1 -0.3 -0.090909
1 -0.245455 -0.090909
1 -0.245455 0.090909
1 -0.3 0.090909
1 -0.3 0.090909
1 -0.245455 0.090909
1 -0.245455 0.272727
1 -0.3 0.272727
1 -0.3 0.272727
1 -0.245455 0.272727
1 -0.245455 0.454545
1 -0.3 0.454545
1 -0.3 0.454545
1 -0.245455 0.454545
1 -0.245455 0.636364
1 -0.3 0.636364
1 -0.3 0.636364
1 -0.245455 0.636364
1 -0.245455 0.818182
1 -0.3 0.818182
1 -0.245455 -1
1 -0.190909 -1
1 -0.190909 -0.818182
1 -0.245455 -0.818182
1 -0.245455 -0.818182
1 -0.190909 -0.818182
1 -0.190909 -0.636364
1 -0.245455 -0.636364
1 -0.245455 -0.636364
1 -0.190909 -0.636364
1 -0.190909 -0.454545
1 -0.245455 -0.454545
1 -0.245455 -0.454545
1 -0.190909 -0.454545
1 -0.190909 -0.272727
1 -0.245455 -0.272727
1 -0.245455 -0.272727
1 -0.190909 -0.272727
1 -0.190909 -0.090909
1 -0.245455 -0.090909
1 -0.245455 -0.090909
1 -0.190909 -0.090909
1 -0.190909 0.090909
1 -0.245455 0.090909
1 -0.245455 0.090909
1 -0.190909 0.090909
1 -0.190909 0.272727
1 -0.245455 0.272727
1 -0.245455 0.272727
1 -0.190909 0.272727
1 -0.190909 0.454545
1 -0.245455 0.454545
1 -0.245455 0.454545
1 -0.190909 0.454545
1 -0.190909 0.636364
1 -0.245455 0.636364
1 -0.245455 0.636364
1 -0.190909 0.636364
1 -0.190909 0.818182
1 -0.245455 0.818182
1 -0.190909 -1
1 -0.136364 -1
1 -0.136364 -0.818182
1 -0.190909 -0.818182
1 -0.190909 -0.818182
1 -0.136364 -0.818182
1 -0.136364 -0.636364
1 -0.190909 -0.636364
1 -0.190909 -0.636364
1 -0.136364 -0.636364
1 -0.136364 -0.454545
1 -0.190909 -0.454545
1 -0.190909 -0.454545
1 -0.136364 -0.454545
1 -0.136364 -0.272727
1 -0.190909 -0.272727
1 -0.190909 -0.272727
1 -0.136364 -0.272727
1 -0.136364 -0.090909
1 -0.190909 -0.090909
1 -0.190909 -0.090909
1 -0.136364 -0.090909
1 -0.136364 0.090909
1 -0.190909 0.090909
1 -0.190909 0.090909
1 -0.136364 0.090909
1 -0.136364 0.272727
1 -0.190909 0.272727
1 -0.190909 0.272727
1 -0.136364 0.272727
1 -0.136364 0.454545
1 -0.190909 0.454545
1 -0.190909 0.454545
1 -0.136364 0.454545
1 -0.136364 0.636364
1 -0.190909 0.636364
1 -0.190909 0.636364
1 -0.136364 0.636364
1 -0.136364 0.818182
1 -0.190909 0.818182
1 -0.136364 -1
1 -0.081818 -1
1 -0.081818 -0.818182
1 -0.136364 -0.818182
1 -0.136364 -0.818182
1 -0.081818 -0.818182
1 -0.081818 -0.636364
1 -0.136364 -0.636364
1 -0.136364 -0.636364
1 -0.081818 -0.636364
1 -0.081818 -0.454545
1 -0.136364 -0.454545
1 -0.136364 -0.454545
1 -0.081818 -0.454545
1 -0.081818 -0.272727
1 -0.136364 -0.272727
1 -0.136364 -0.272727
1 -0.081818 -0.272727
1 -0.081818 -0.090909
1 -0.136364 -0.090909
1 -0.136364 -0.090909
1 -0.081818 -0.090909
1 -0.081818 0.090909
1 -0.136364 0.090909
1 -0.136364 0.090909
1 -0.081818 0.090909
1 -0.081818 0.272727
1 -0.136364 0.272727
1 -0.136364 0.272727
1 -0.081818 0.272727
1 -0.081818 0.454545
1 -0.136364 0.454545
1 -0.136364 0.454545
1 -0.081818 0.454545
1 -0.081818 0.636364
1 -0.136364 0.636364
1 -0.136364 0.636364
1 -0.081818 0.636364
1 -0.081818 0.818182
1 -0.136364 0.818182
1 -0.081818 -1
1 -0.027273 -1
1 -0.027273 -0.818182
1 -0.081818 -0.818182
1 -0.081818 -0.818182
1 -0.027273 -0.818182
1 -0.027273 -0.636364
1 -0.081818 -0.636364
1 -0.081818 -0.636364
1 -0.027273 -0.636364
1 -0.027273 -0.454545
1 -0.081818 -0.454545
1 -0.081818 -0.454545
1 -0.027273 -0.454545
1 -0.027273 -0.272727
1 -0.081818 -0.272727
1 -0.081818 -0.272727
1 -0.027273 -0.272727
1 -0.027273 -0.090909
1 -0.081818 -0.090909
1 -0.081818 -0.090909
1 -0.027273 -0.090909
1 -0.027273 0.090909
1 -0.081818 0.090909
1 -0.081818 0.090909
1 -0.027273 0.090909
1 -0.027273 0.272727
1 -0.081818 0.272727
1 -0.081818 0.272727
1 -0.027273 0.272727
1 -0.027273 0.454545
1 -0.081818 0.454545
1 -0.081818 0.454545
1 -0.027273 0.454545
1 -0.027273 0.636364
1 -0.081818 0.636364
1 -0.081818 0.636364
1 -0.027273 0.636364
1 -0.027273 0.818182
1 -0.081818 0.818182
1 -0.027273 -1
1 0.027273 -1
1 0.027273 -0.818182
1 -0.027273 -0.818182
1 -0.027273 -0.818182
1 0.027273 -0.818182
1 0.027273 -0.636364
1 -0.027273 -0.636364
1 -0.027273 -0.636364
1 0.027273 -0.636364
1 0.027273 -0.454545
1 -0.027273 -0.454545
1 -0.027273 -0.454545
1 0.027273 -0.454545
1 0.027273 -0.272727
1 -0.027273 -0.272727
1 -0.027273 -0.272727
1 0.027273 -0.272727
1 0.027273 -0.090909
1 -0.027273 -0.090909
1 -0.027273 -0.090909
1 0.027273 -0.090909
1 0.027273 0.090909
1 -0.027273 0.090909
1 -0.027273 0.090909
1 0.027273 0.090909
1 0.027273 0.272727
1 -0.027273 0.272727
1 -0.027273 0.272727
1 0.027273 0.272727
1 0.027273 0.454545
1 -0.027273 0.454545
1 -0.027273 0.454545
1 0.027273 0.454545
1 0.027273 0.636364
1 -0.027273 0.636364
1 -0.027273 0.636364
1 0.027273 0.636364
1 0.027273 0.818182
1 -0.027273 0.818182
1 0.027273 -1
1 0.081818 -1
1 0.081818 -0.818182
1 0.027273 -0.818182
1 0.027273 -0.818182
1 0.081818 -0.818182
1 0.081818 -0.636364
1 0.027273 -0.636364
1 0.027273 -0.636364
1 0.081818 -0.636364
1 0.081818 -0.454545
1 0.027273 -0.454545
1 0.027273 -0.454545
1 0.081818 -0.454545
1 0.081818 -0.272727
1 0.027273 -0.272727
1 0.027273 -0.272727
1 0.081818 -0.272727
1 0.081818 -0.090909
1 0.027273 -0.090909
1 0.027273 -0.090909
1 0.081818 -0.090909
1 0.081818 0.090909
1 0.027273 0.090909
1 0.027273 0.090909
1 0.081818 0.090909
1 0.081818 0.272727
1 0.027273 0.272727
1 0.027273 0.272727
1 0.081818 0.272727
1 0.081818 0.454545
1 0.027273 0.454545
1 0.027273 0.454545
1 0.081818 0.454545
1 0.081818 0.636364
1 0.027273 0.636364
1 0.027273 0.636364
1 0.081818 0.636364
1 0.081818 0.818182
1 0.027273 0.818182
1 0.081818 -1
1 0.136364 -1
1 0.136364 -0.818182
1 0.081818 -0.818182
1 0.081818 -0.818182
1 0.136364 -0.818182
1 0.136364 -0.636364
1 0.081818 -0.636364
1 0.081818 -0.636364
1 0.136364 -0.636364
1 0.136364 -0.454545
1 0.081818 -0.454545
1 0.081818 -0.454545
1 0.136364 -0.454545
1 0.136364 -0.272727
1 0.081818 -0.272727
1 0.081818 -0.272727
1 0.136364 -0.272727
1 0.136364 -0.090909
1 0.081818 -0.090909
1 0.081818 -0.090909
1 0.136364 -0.090909
1 0.136364 0.090909
1 0.081818 0.090909
1 0.081818 0.090909
1 0.136364 0.090909
1 0.136364 0.272727
1 0.081818 0.272727
1 0.081818 0.272727
1 0.136364 0.272727
1 0.136364 0.454545
1 0.081818 0.454545
1 0.081818 0.454545
1 0.136364 0.454545
1 0.136364 0.636364
1 0.081818 0.636364
1 0.081818 0.636364
1 0.136364 0.636364
1 0.136364 0.818182
1 0.081818 0.818182
1 0.136364 -1
1 0.190909 -1
1 0.190909 -0.818182
1 0.136364 -0.818182
1 0.136364 -0.818182
1 0.190909 -0.818182
1 0.190909 -0.636364
1 0.136364 -0.636364
1 0.136364 -0.636364
1 0.190909 -0.636364
1 0.190909 -0.454545
1 0.136364 -0.454545
1 0.136364 -0.454545
1 0.190909 -0.454545
1 0.190909 -0.272727
1 0.136364 -0.272727
1 0.136364 -0.272727
1 0.190909 -0.272727
1 0.190909 -0.090909
1 0.136364 -0.090909
1 0.136364 -0.090909
1 0.190909 -0.090909
1 0.190909 0.090909
1 0.136364 0.090909
1 0.136364 0.090909
1 0.190909 0.090909
1 0.190909 0.272727
1 0.136364 0.272727
1 0.136364 0.272727
1 0.190909 0.272727
1 0.190909 0.454545
1 0.136364 0.454545
1 0.136364 0.454545
1 0.190909 0.454545
1 0.190909 0.636364
1 0.136364 0.636364
1 0.136364 0.636364
1 0.190909 0.636364
1 0.190909 0.818182
1 0.136364 0.818182
1 0.190909 -1
1 0.245455 -1
1 0.245455 -0.818182
1 0.190909 -0.818182
1 0.190909 -0.818182
1 0.245455 -0.818182
1 0.245455 -0.636364
1 0.190909 -0.636364
1 0.190909 -0.636364
1 0.245455 -0.636364
1 0.245455 -0.454545
1 0.190909 -0.454545
1 0.190909 -0.454545
1 0.245455 -0.454545
1 0.245455 -0.272727
1 0.190909 -0.272727
1 0.190909 -0.272727
1 0.245455 -0.272727
1 0.245455 -0.090909
1 0.190909 -0.090909
1 0.190909 -0.090909
1 0.245455 -0.090909
1 0.245455 0.090909
1 0.190909 0.090909
1 0.190909 0.090909
1 0.245455 0.090909
1 0.245455 0.272727
1 0.190909 0.272727
1 0.190909 0.272727
1 0.245455 0.272727
1 0.245455 0.454545
1 0.190909 0.454545
1 0.190909 0.454545
1 0.245455 0.454545
1 0.245455 0.636364
1 0.190909 0.636364
1 0.190909 0.636364
1 0.245455 0.636364
1 0.245455 0.818182
1 0.190909 0.818182
1 0.245455 -1
0.88601 0.3 -0.88601
0.88601 0.3 -0.724917
1 0.245455 -0.818182
1 0.245455 -0.818182
0.88601 0.3 -0.724917
0.88601 0.3 -0.563825
1 0.245455 -0.636364
1 0.245455 -0.636364
0.88601 0.3 -0.563825
0.88601 0.3 -0.402732
1 0.245455 -0.454545
1 0.245455 -0.454545
0.88601 0.3 -0.402732
0.88601 0.3 -0.241639
1 0.245455 -0.272727
1 0.245455 -0.272727
0.88601 0.3 -0.241639
0.88601 0.3 -0.080546
1 0.245455 -0.090909
1 0.245455 -0.090909
0.88601 0.3 -0.080546
0.88601 0.3 0.080546
1 0.245455 0.090909
1 0.245455 0.090909
0.88601 0.3 0.080546
0.88601 0.3 0.241639
1 0.245455 0.272727
1 0.245455 0.272727
0.88601 0.3 0.241639
0.88601 0.3 0.402732
1 0.245455 0.454545
1 0.245455 0.454545
0.88601 0.3 0.402732
0.88601 0.3 0.563825
1 0.245455 0.636364
1 0.245455 0.636364
0.88601 0.3 0.563825
0.88601 0.3 0.724917
1 0.245455 0.818182
0.818182 -0.3 -1
0.818182 -0.245455 -1
1 -0.245455 -1
1 -0.3 -1
0.818182 -0.245455 -1
0.818182 -0.190909 -1
1 -0.190909 -1
1 -0.245455 -1
0.818182 -0.190909 -1
0.818182 -0.136364 -1
1 -0.136364 -1
1 -0.190909 -1
0.818182 -0.136364 -1
0.818182 -0.081818 -1
1 -0.081818 -1
1 -0.136364 -1
0.818182 -0.081818 -1
0.818182 -0.027273 -1
1 -0.027273 -1
1 -0.081818 -1
0.818182 -0.027273 -1
0.818182 0.027273 -1
1 0.027273 -1
1 -0.027273 -1
0.818182 0.027273 -1
0.818182 0.081818 -1
1 0.081818 -1
1 0.027273 -1
0.818182 0.081818 -1
0.818182 0.136364 -1
1 0.136364 -1
1 0.081818 -1
0.818182 0.136364 -1
0.818182 0.190909 -1
1 0.190909 -1
1 0.136364 -1
0.818182 0.190909 -1
0.818182 0.245455 -1
1 0.245455 -1
1 0.190909 -1
-1 -0.3 -1
-1 -0.245455 -1
-0.818182 -0.245455 -1
-0.818182 -0.3 -1
-0.818182 -0.3 -1
-0.818182 -0.245455 -1
-0.636364 -0.245455 -1
-0.636364 -0.3 -1
-0.636364 -0.3 -1
-0.636364 -0.245455 -1
-0.454545 -0.245455 -1
-0.454545 -0.3 -1
-0.454545 -0.3 -1
-0.454545 -0.245455 -1
-0.272727 -0.245455 -1
-0.272727 -0.3 -1
-0.272727 -0.3 -1
-0.272727 -0.245455 -1
-0.090909 -0.245455 -1
-0.090909 -0.3 -1
-0.090909 -0.3 -1
-0.090909 -0.245455 -1
0.090909 -0.245455 -1
0.090909 -0.3 -1
0.090909 -0.3 -1
0.090909 -0.245455 -1
0.272727 -0.245455 -1
0.272727 -0.3 -1
0.272727 -0.3 -1
0.272727 -0.245455 -1
0.454545 -0.245455 -1
0.454545 -0.3 -1
0.454545 -0.3 -1
0.454545 -0.245455 -1
0.636364 -0.245455 -1
0.636364 -0.3 -1
0.636364 -0.3 -1
0.636364 -0.245455 -1
0.818182 -0.245455 -1
0.818182 -0.3 -1
-1 -0.245455 -1
-1 -0.190909 -1
-0.818182 -0.190909 -1
-0.818182 -0.245455 -1
-0.818182 -0.245455 -1
-0.818182 -0.190909 -1
-0.636364 -0.190909 -1
-0.636364 -0.245455 -1
-0.636364 -0.245455 -1
-0.636364 -0.190909 -1
-0.454545 -0.190909 -1
-0.454545 -0.245455 -1
-0.454545 -0.245455 -1
-0.454545 -0.190909 -1
-0.272727 -0.190909 -1
-0.272727 -0.245455 -1
-0.272727 -0.245455 -1
-0.272727 -0.190909 -1
-0.090909 -0.190909 -1
-0.090909 -0.245455 -1
-0.090909 -0.245455 -1
-0.090909 -0.190909 -1
0.090909 -0.190909 -1
0.090909 -0.245455 -1
0.090909 -0.245455 -1
0.090909 -0.190909 -1
0.272727 -0.190909 -1
0.272727 -0.245455 -1
0.272727 -0.245455 -1
0.272727 -0.190909 -1
0.454545 -0.190909 -1
0.454545 -0.245455 -1
0.454545 -0.245455 -1
0.454545 -0.190909 -1
0.636364 -0.190909 -1
0.636364 -0.245455 -1
0.636364 -0.245455 -1
0.636364 -0.190909 -1
0.818182 -0.190909 -1
0.818182 -0.245455 -1
-1 -0.190909 -1
-1 -0.136364 -1
-0.818182 -0.136364 -1
-0.818182 -0.190909 -1
-0.818182 -0.190909 -1
-0.818182 -0.136364 -1
-0.636364 -0.136364 -1
-0.636364 -0.190909 -1
-0.636364 -0.190909 -1
-0.636364 -0.136364 -1
-0.454545 -0.136364 -1
-0.454545 -0.190909 -1
-0.454545 -0.190909 -1
-0.454545 -0.136364 -1
-0.272727 -0.136364 -1
-0.272727 -0.190909 -1
-0.272727 -0.190909 -1
-0.272727 -0.136364 -1
-0.090909 -0.136364 -1
-0.090909 -0.190909 -1
-0.090909 -0.190909 -1
-0.090909 -0.136364 -1
0.090909 -0.136364 -1
0.090909 -0.190909 -1
0.090909 -0.190909 -1
0.090909 -0.136364 -1
0.272727 -0.136364 -1
0.272727 -0.190909 -1
0.272727 -0.190909 -1
0.272727 -0.136364 -1
0.454545 -0.136364 -1
0.454545 -0.190909 -1
0.454545 -0.190909 -1
0.454545 -0.136364 -1
0.636364 -0.136364 -1
0.636364 -0.190909 -1
0.636364 -0.190909 -1
0.636364 -0.136364 -1
0.818182 -0.136364 -1
0.818182 -0.190909 -1
-1 -0.136364 -1
-1 -0.081818 -1
-0.818182 -0.081818 -1
-0.818182 -0.136364 -1
-0.818182 -0.136364 -1
-0.818182 -0.081818 -1
-0.636364 -0.081818 -1
-0.636364 -0.136364 -1
-0.636364 -0.136364 -1
-0.636364 -0.081818 -1
-0.454545 -0.081818 -1
-0.454545 -0.136364 -1
-0.454545 -0.136364 -1
-0.454545 -0.081818 -1
-0.272727 -0.081818 -1
-0.272727 -0.136364 -1
-0.272727 -0.136364 -1
-0.272727 -0.081818 -1
-0.090909 -0.081818 -1
-0.090909 -0.136364 -1
-0.090909 -0.136364 -1
-0.090909 -0.081818 -1
0.090909 -0.081818 -1
0.090909 -0.136364 -1
0.090909 -0.136364 -1
0.090909 -0.081818 -1
0.272727 -0.081818 -1
0.272727 -0.136364 -1
0.272727 -0.136364 -1
0.272727 -0.081818 -1
0.454545 -0.081818 -1
0.454545 -0.136364 -1
0.454545 -0.136364 -1
0.454545 -0.081818 -1
0.636364 -0.081818 -1
0.636364 -0.136364 -1
0.636364 -0.136364 -1
0.636364 -0.081818 -1
0.818182 -0.081818 -1
0.818182 -0.136364 -1
-1 -0.081818 -1
-1 -0.027273 -1
-0.818182 -0.027273 -1
-0.818182 -0.081818 -1
-0.818182 -0.081818 -1
-0.818182 -0.027273 -1
-0.636364 -0.027273 -1
-0.636364 -0.081818 -1
-0.636364 -0.081818 -1
-0.636364 -0.027273 -1
-0.454545 -0.027273 -1
-0.454545 -0.081818 -1
-0.454545 -0.081818 -1
-0.454545 -0.027273 -1
-0.272727 -0.027273 -1
-0.272727 -0.081818 -1
-0.272727 -0.081818 -1
-0.272727 -0.027273 -1
-0.090909 -0.027273 -1
-0.090909 -0.081818 -1
-0.090909 -0.081818 -1
-0.090909 -0.027273 -1
0.090909 -0.027273 -1
0.090909 -0.081818 -1
0.090909 -0.081818 -1
0.090909 -0.027273 -1
0.272727 -0.027273 -1
0.272727 -0.081818 -1
0.272727 -0.081818 -1
0.272727 -0.027273 -1
0.454545 -0.027273 -1
0.454545 -0.081818 -1
0.454545 -0.081818 -1
0.454545 -0.027273 -1
0.636364 -0.027273 -1
0.636364 -0.081818 -1
0.636364 -0.081818 -1
0.636364 -0.027273 -1
0.818182 -0.027273 -1
0.818182 -0.081818 -1
-1 -0.027273 -1
-1 0.027273 -1
-0.818182 0.027273 -1
-0.818182 -0.027273 -1
-0.818182 -0.027273 -1
-0.818182 0.027273 -1
-0.636364 0.027273 -1
-0.636364 -0.027273 -1
-0.636364 -0.027273 -1
-0.636364 0.027273 -1
-0.454545 0.027273 -1
-0.454545 -0.027273 -1
-0.454545 -0.027273 -1
-0.454545 0.027273 -1
-0.272727 0.027273 -1
-0.272727 -0.027273 -1
-0.272727 -0.027273 -1
-0.272727 0.027273 -1
-0.090909 0.027273 -1
-0.090909 -0.027273 -1
-0.090909 -0.027273 -1
-0.090909 0.027273 -1
0.090909 0.027273 -1
0.090909 -0.027273 -1
0.090909 -0.027273 -1
0.090909 0.027273 -1
0.272727 0.027273 -1
0.272727 -0.027273 -1
0.272727 -0.027273 -1
0.272727 0.027273 -1
0.454545 0.027273 -1
0.454545 -0.027273 -1
0.454545 -0.027273 -1
0.454545 0.027273 -1
0.636364 0.027273 -1
0.636364 -0.027273 -1
0.636364 -0.027273 -1
0.636364 0.027273 -1
0.818182 0.027273 -1
0.818182 -0.027273 -1
-1 0.027273 -1
-1 0.081818 -1
-0.818182 0.081818 -1
-0.818182 0.027273 -1
-0.818182 0.027273 -1
-0.818182 0.081818 -1
-0.636364 0.081818 -1
-0.636364 0.027273 -1
-0.636364 0.027273 -1
-0.636364 0.081818 -1
-0.454545 0.081818 -1
-0.454545 0.027273 -1
-0.454545 0.027273 -1
-0.454545 0.081818 -1
-0.272727 0.081818 -1
-0.272727 0.027273 -1
-0.272727 0.027273 -1
-0.272727 0.081818 -1
-0.090909 0.081818 -1
-0.090909 0.027273 -1
-0.090909 0.027273 -1
-0.090909 0.081818 -1
0.090909 0.081818 -1
0.090909 0.027273 -1
0.090909 0.027273 -1
0.090909 0.081818 -1
0.272727 0.081818 -1
0.272727 0.027273 -1
0.272727 0.027273 -1
0.272727 0.081818 -1
0.454545 0.081818 -1
0.454545 0.027273 -1
0.454545 0.027273 -1
0.454545 0.081818 -1
0.636364 0.081818 -1
0.636364 0.027273 -1
0.636364 0.027273 -1
0.636364 0.081818 -1
0.818182 0.081818 -1
0.818182 0.027273 -1
-1 0.081818 -1
-1 0.136364 -1
-0.818182 0.136364 -1
-0.818182 0.081818 -1
-0.818182 0.081818 -1
-0.818182 0.136364 -1
-0.636364 0.136364 -1
-0.636364 0.081818 -1
-0.636364 0.081818 -1
-0.636364 0.136364 -1
-0.454545 0.136364 -1
-0.454545 0.081818 -1
-0.454545 0.081818 -1
-0.454545 0.136364 -1
-0.272727 0.136364 -1
-0.272727 0.081818 -1
-0.272727 0.081818 -1
-0.272727 0.136364 -1
-0.090909 0.136364 -1
-0.090909 0.081818 -1
-0.090909 0.081818 -1
-0.090909 0.136364 -1
0.090909 0.136364 -1
0.090909 0.081818 -1
0.090909 0.081818 -1
0.090909 0.136364 -1
0.272727 0.136364 -1
0.272727 0.081818 -1
0.272727 0.081818 -1
0.272727 0.136364 -1
0.454545 0.136364 -1
0.454545 0.081818 -1
0.454545 0.081818 -1
0.454545 0.136364 -1
0.636364 0.136364 -1
0.636364 0.081818 -1
0.636364 0.081818 -1
0.636364 0.136364 -1
0.818182 0.136364 -1
0.818182 0.081818 -1
-1 0.136364 -1
-1 0.190909 -1
-0.818182 0.190909 -1
-0.818182 0.136364 -1
-0.818182 0.136364 -1
-0.818182 0.190909 -1
-0.636364 0.190909 -1
-0.636364 0.136364 -1
-0.636364 0.136364 -1
-0.636364 0.190909 -1
-0.454545 0.190909 -1
-0.454545 0.136364 -1
-0.454545 0.136364 -1
-0.454545 0.190909 -1
-0.272727 0.190909 -1
-0.272727 0.136364 -1
-0.272727 0.136364 -1
-0.272727 0.190909 -1
-0.090909 0.190909 -1
-0.090909 0.136364 -1
-0.090909 0.136364 -1
-0.090909 0.190909 -1
0.090909 0.190909 -1
0.090909 0.136364 -1
0.090909 0.136364 -1
0.090909 0.190909 -1
0.272727 0.190909 -1
0.272727 0.136364 -1
0.272727 0.136364 -1
0.272727 0.190909 -1
0.454545 0.190909 -1
0.454545 0.136364 -1
0.454545 0.136364 -1
0.454545 0.190909 -1
0.636364 0.190909 -1
0.636364 0.136364 -1
0.636364 0.136364 -1
0.636364 0.190909 -1
0.818182 0.190909 -1
0.818182 0.136364 -1
-1 0.190909 -1
-1 0.245455 -1
-0.818182 0.245455 -1
-0.818182 0.190909 -1
-0.818182 0.190909 -1
-0.818182 0.245455 -1
-0.636364 0.245455 -1
-0.636364 0.190909 -1
-0.636364 0.190909 -1
-0.636364 0.245455 -1
-0.454545 0.245455 -1
-0.454545 0.190909 -1
-0.454545 0.190909 -1
-0.454545 0.245455 -1
-0.272727 0.245455 -1
-0.272727 0.190909 -1
-0.272727 0.190909 -1
-0.272727 0.245455 -1
-0.090909 0.245455 -1
-0.090909 0.190909 -1
-0.090909 0.190909 -1
-0.090909 0.245455 -1
0.090909 0.245455 -1
0.090909 0.190909 -1
0.090909 0.190909 -1
0.090909 0.245455 -1
0.272727 0.245455 -1
0.272727 0.190909 -1
0.272727 0.190909 -1
0.272727 0.245455 -1
0.454545 0.245455 -1
0.454545 0.190909 -1
0.454545 0.190909 -1
0.454545 0.245455 -1
0.636364 0.245455 -1
0.636364 0.190909 -1
0.636364 0.190909 -1
0.636364 0.245455 -1
0.818182 0.245455 -1
0.818182 0.190909 -1
-1 0.245455 -1
-0.88601 0.3 -0.88601
-0.724917 0.3 -0.88601
-0.818182 0.245455 -1
-0.818182 0.245455 -1
-0.724917 0.3 -0.88601
-0.563825 0.3 -0.88601
-0.636364 0.245455 -1
-0.636364 0.245455 -1
-0.563825 0.3 -0.88601
-0.402732 0.3 -0.88601
-0.454545 0.245455 -1
-0.454545 0.245455 -1
-0.402732 0.3 -0.88601
-0.241639 0.3 -0.88601
-0.272727 0.245455 -1
-0.272727 0.245455 -1
-0.241639 0.3 -0.88601
-0.080546 0.3 -0.88601
-0.090909 0.245455 -1
-0.090909 0.245455 -1
-0.080546 0.3 -0.88601
0.080546 0.3 -0.88601
0.090909 0.245455 -1
0.090909 0.245455 -1
0.080546 0.3 -0.88601
0.241639 0.3 -0.88601
0.272727 0.245455 -1
0.272727 0.245455 -1
0.241639 0.3 -0.88601
0.402732 0.3 -0.88601
0.454545 0.245455 -1
0.454545 0.245455 -1
0.402732 0.3 -0.88601
0.563825 0.3 -0.88601
0.636364 0.245455 -1
0.636364 0.245455 -1
0.563825 0.3 -0.88601
0.724917 0.3 -0.88601
0.818182 0.245455 -1
-1 -0.3 -0.818182
-1 -0.245455 -0.818182
-1 -0.245455 -1
-1 -0.3 -1
-1 -0.245455 -0.818182
-1 -0.190909 -0.818182
-1 -0.190909 -1
-1 -0.245455 -1
-1 -0.190909 -0.818182
-1 -0.136364 -0.818182
-1 -0.136364 -1
-1 -0.190909 -1
-1 -0.136364 -0.818182
-1 -0.081818 -0.818182
-1 -0.081818 -1
-1 -0.136364 -1
-1 -0.081818 -0.818182
-1 -0.027273 -0.818182
-1 -0.027273 -1
-1 -0.081818 -1
-1 -0.027273 -0.818182
-1 0.027273 -0.818182
-1 0.027273 -1
-1 -0.027273 -1
-1 0.027273 -0.818182
-1 0.081818 -0.818182
-1 0.081818 -1
-1 0.027273 -1
-1 0.081818 -0.818182
-1 0.136364 -0.818182
-1 0.136364 -1
-1 0.081818 -1
-1 0.136364 -0.818182
-1 0.190909 -0.818182
-1 0.190909 -1
-1 0.136364 -1
-1 0.190909 -0.818182
-1 0.245455 -0.818182
-1 0.245455 -1
-1 0.190909 -1
-1 -0.3 1
-1 -0.245455 1
-1 -0.245455 0.818182
-1 -0.3 0.818182
-1 -0.3 0.818182
-1 -0.245455 0.818182
-1 -0.245455 0.636364
-1 -0.3 0.636364
-1 -0.3 0.636364
-1 -0.245455 0.636364
-1 -0.245455 0.454545
-1 -0.3 0.454545
-1 -0.3 0.454545
-1 -0.245455 0.454545
-1 -0.245455 0.272727
-1 -0.3 0.272727
-1 -0.3 0.272727
-1 -0.245455 0.272727
-1 -0.245455 0.090909
-1 -0.3 0.090909
-1 -0.3 0.090909
-1 -0.245455 0.090909
-1 -0.245455 -0.090909
-1 -0.3 -0.090909
-1 -0.3 -0.090909
-1 -0.245455 -0.090909
-1 -0.245455 -0.272727
-1 -0.3 -0.272727
-1 -0.3 -0.272727
-1 -0.245455 -0.272727
-1 -0.245455 -0.454545
-1 -0.3 -0.454545
-1 -0.3 -0.454545
-1 -0.245455 -0.454545
-1 -0.245455 -0.636364
-1 -0.3 -0.636364
-1 -0.3 -0.636364
-1 -0.245455 -0.636364
-1 -0.245455 -0.818182
-1 -0.3 -0.818182
-1 -0.245455 1
-1 -0.190909 1
-1 -0.190909 0.818182
-1 -0.245455 0.818182
-1 -0.245455 0.818182
-1 -0.190909 0.818182
-1 -0.190909 0.636364
-1 -0.245455 0.636364
-1 -0.245455 0.636364
-1 -0.190909 0.636364
-1 -0.190909 0.454545
-1 -0.245455 0.454545
-1 -0.245455 0.454545
-1 -0.190909 0.454545
-1 -0.190909 0.272727
-1 -0.245455 0.272727
-1 -0.245455 0.272727
-1 -0.190909 0.272727
-1 -0.190909 0.090909
-1 -0.245455 0.090909
-1 -0.245455 0.090909
-1 -0.190909 0.090909
-1 -0.190909 -0.090909
-1 -0.245455 -0.090909
-1 -0.245455 -0.090909
-1 -0.190909 -0.090909
-1 -0.190909 -0.272727
-1 -0.245455 -0.272727
-1 -0.245455 -0.272727
-1 -0.190909 -0.272727
-1 -0.190909 -0.454545
-1 -0.245455 -0.454545
-1 -0.245455 -0.454545
-1 -0.190909 -0.454545
-1 -0.190909 -0.636364
-1 -0.245455 -0.636364
-1 -0.245455 -0.636364
-1 -0.190909 -0.636364
-1 -0.190909 -0.818182
-1 -0.245455 -0.818182
-1 -0.190909 1
-1 -0.136364 1
-1 -0.136364 0.818182
-1 -0.190909 0.818182
-1 -0.190909 0.818182
-1 -0.136364 0.818182
-1 -0.136364 0.636364
-1 -0.190909 0.636364
-1 -0.190909 0.636364
-1 -0.136364 0.636364
-1 -0.136364 0.454545
-1 -0.190909 0.454545
-1 -0.190909 0.454545
-1 -0.136364 0.454545
-1 -0.136364 0.272727
-1 -0.190909 0.272727
-1 -0.190909 0.272727
-1 -0.136364 0.272727
-1 -0.136364 0.090909
-1 -0.190909 0.090909
-1 -0.190909 0.090909
-1 -0.136364 0.090909
-1 -0.136364 -0.090909
-1 -0.190909 -0.090909
-1 -0.190909 -0.090909
-1 -0.136364 -0.090909
-1 -0.136364 -0.272727
-1 -0.190909 -0.272727
-1 -0.190909 -0.272727
-1 -0.136364 -0.272727
-1 -0.136364 -0.454545
-1 -0.190909 -0.454545
-1 -0.190909 -0.454545
-1 -0.136364 -0.454545
-1 -0.136364 -0.636364
-1 -0.190909 -0.636364
-1 -0.190909 -0.636364
-1 -0.136364 -0.636364
-1 -0.136364 -0.818182
-1 -0.190909 -0.818182
-1 -0.136364 1
-1 -0.081818 1
-1 -0.081818 0.818182
-1 -0.136364 0.818182
-1 -0.136364 0.818182
-1 -0.081818 0.818182
-1 -0.081818 0.636364
-1 -0.136364 0.636364
-1 -0.136364 0.636364
-1 -0.081818 0.636364
-1 -0.081818 0.454545
-1 -0.136364 0.454545
-1 -0.136364 0.454545
-1 -0.081818 0.454545
-1 -0.081818 0.272727
-1 -0.136364 0.272727
-1 -0.136364 0.272727
-1 -0.081818 0.272727
-1 -0.081818 0.090909
-1 -0.136364 0.090909
-1 -0.136364 0.090909
-1 -0.081818 0.090909
-1 -0.081818 -0.090909
-1 -0.136364 -0.090909
-1 -0.136364 -0.090909
-1 -0.081818 -0.090909
-1 -0.081818 -0.272727
-1 -0.136364 -0.272727
-1 -0.136364 -0.272727
-1 -0.081818 -0.272727
-1 -0.081818 -0.454545
-1 -0.136364 -0.454545
-1 -0.136364 -0.454545
-1 -0.081818 -0.454545
-1 -0.081818 -0.636364
-1 -0.136364 -0.636364
-1 -0.136364 -0.636364
-1 -0.081818 -0.636364
-1 -0.081818 -0.818182
-1 -0.136364 -0.818182
-1 -0.081818 1
-1 -0.027273 1
-1 -0.027273 0.818182
-1 -0.081818 0.818182
-1 -0.081818 0.818182
-1 -0.027273 0.818182
-1 -0.027273 0.636364
-1 -0.081818 0.636364
-1 -0.081818 0.636364
-1 -0.027273 0.636364
-1 -0.027273 0.454545
-1 -0.081818 0.454545
-1 -0.081818 0.454545
-1 -0.027273 0.454545
-1 -0.027273 0.272727
-1 -0.081818 0.272727
-1 -0.081818 0.272727
-1 -0.027273 0.272727
-1 -0.027273 0.090909
-1 -0.081818 0.090909
-1 -0.081818 0.090909
-1 -0.027273 0.090909
-1 -0.027273 -0.090909
-1 -0.081818 -0.090909
-1 -0.081818 -0.090909
-1 -0.027273 -0.090909
-1 -0.027273 -0.272727
-1 -0.081818 -0.272727
-1 -0.081818 -0.272727
-1 -0.027273 -0.272727
-1 -0.027273 -0.454545
-1 -0.081818 -0.454545
-1 -0.081818 -0.454545
-1 -0.027273 -0.454545
-1 -0.027273 -0.636364
-1 -0.081818 -0.636364
-1 -0.081818 -0.636364
-1 -0.027273 -0.636364
-1 -0.027273 -0.818182
-1 -0.081818 -0.818182
-1 -0.027273 1
-1 0.027273 1
-1 0.027273 0.818182
-1 -0.027273 0.818182
-1 -0.027273 0.818182
-1 0.027273 0.818182
-1 0.027273 0.636364
-1 -0.027273 0.636364
-1 -0.027273 0.636364
-1 0.027273 0.636364
-1 0.027273 0.454545
-1 -0.027273 0.454545
-1 -0.027273 0.454545
-1 0.027273 0.454545
-1 0.027273 0.272727
-1 -0.027273 0.272727
-1 -0.027273 0.272727
-1 0.027273 0.272727
-1 0.027273 0.090909
-1 -0.027273 0.090909
-1 -0.027273 0.090909
-1 0.027273 0.090909
-1 0.027273 -0.090909
-1 -0.027273 -0.090909
-1 -0.027273 -0.090909
-1 0.027273 -0.090909
-1 0.027273 -0.272727
-1 -0.027273 -0.272727
-1 -0.027273 -0.272727
-1 0.027273 -0.272727
-1 0.027273 -0.454545
-1 -0.027273 -0.454545
-1 -0.027273 -0.454545
-1 0.027273 -0.454545
-1 0.027273 -0.636364
-1 -0.027273 -0.636364
-1 -0.027273 -0.636364
-1 0.027273 -0.636364
-1 0.027273 -0.818182
-1 -0.027273 -0.818182
-1 0.027273 1
-1 0.081818 1
-1 0.081818 0.818182
-1 0.027273 0.818182
-1 0.027273 0.818182
-1 0.081818 0.818182
-1 0.081818 0.636364
-1 0.027273 0.636364
-1 0.027273 0.636364
-1 0.081818 0.636364
-1 0.081818 0.454545
-1 0.027273 0.454545
-1 0.027273 0.454545
-1 0.081818 0.454545
-1 0.081818 0.272727
-1 0.027273 0.272727
-1 0.027273 0.272727
-1 0.081818 0.272727
-1 0.081818 0.090909
-1 0.027273 0.090909
-1 0.027273 0.090909
-1 0.081818 0.090909
-1 0.081818 -0.090909
-1 0.027273 -0.090909
-1 0.027273 -0.090909
-1 0.081818 -0.090909
-1 0.081818 -0.272727
-1 0.027273 -0.272727
-1 0.027273 -0.272727
-1 0.081818 -0.272727
-1 0.081818 -0.454545
-1 0.027273 -0.454545
-1 0.027273 -0.454545
-1 0.081818 -0.454545
-1 0.081818 -0.636364
-1 0.027273 -0.636364
-1 0.027273 -0.636364
-1 0.081818 -0.636364
-1 0.081818 -0.818182
-1 0.027273 -0.818182
-1 0.081818 1
-1 0.136364 1
-1 0.136364 0.818182
-1 0.081818 0.818182
-1 0.081818 0.818182
-1 0.136364 0.818182
-1 0.136364 0.636364
-1 0.081818 0.636364
-1 0.081818 0.636364
-1 0.136364 0.636364
-1 0.136364 0.454545
-1 0.081818 0.454545
-1 0.081818 0.454545
-1 0.136364 0.454545
-1 0.136364 0.272727
-1 0.081818 0.272727
-1 0.081818 0.272727
-1 0.136364 0.272727
-1 0.136364 0.090909
-1 0.081818 0.090909
-1 0.081818 0.090909
-1 0.136364 0.090909
-1 0.136364 -0.090909
-1 0.081818 -0.090909
-1 0.081818 -0.090909
-1 0.136364 -0.090909
-1 0.136364 -0.272727
-1 0.081818 -0.272727
-1 0.081818 -0.272727
-1 0.136364 -0.272727
-1 0.136364 -0.454545
-1 0.081818 -0.454545
-1 0.081818 -0.454545
-1 0.136364 -0.454545
-1 0.136364 -0.636364
-1 0.081818 -0.636364
-1 0.081818 -0.636364
-1 0.136364 -0.636364
-1 0.136364 -0.818182
-1 0.081818 -0.818182
-1 0.136364 1
-1 0.190909 1
-1 0.190909 0.818182
-1 0.136364 0.818182
-1 0.136364 0.818182
-1 0.190909 0.818182
-1 0.190909 0.636364
-1 0.136364 0.636364
-1 0.136364 0.636364
-1 0.190909 0.636364
-1 0.190909 0.454545
-1 0.136364 0.454545
-1 0.136364 0.454545
-1 0.190909 0.454545
-1 0.190909 0.272727
-1 0.136364 0.272727
-1 0.136364 0.272727
-1 0.190909 0.272727
-1 0.190909 0.090909
-1 0.136364 0.090909
-1 0.136364 0.090909
-1 0.190909 0.090909
-1 0.190909 -0.090909
-1 0.136364 -0.090909
-1 0.136364 -0.090909
-1 0.190909 -0.090909
-1 0.190909 -0.272727
-1 0.136364 -0.272727
-1 0.136364 -0.272727
-1 0.190909 -0.272727
-1 0.190909 -0.454545
-1 0.136364 -0.454545
-1 0.136364 -0.454545
-1 0.190909 -0.454545
-1 0.190909 -0.636364
-1 0.136364 -0.636364
-1 0.136364 -0.636364
-1 0.190909 -0.636364
-1 0.190909 -0.818182
-1 0.136364 -0.818182
-1 0.190909 1
-1 0.245455 1
-1 0.245455 0.818182
-1 0.190909 0.818182
-1 0.190909 0.818182
-1 0.245455 0.818182
-1 0.245455 0.636364
-1 0.190909 0.636364
-1 0.190909 0.636364
-1 0.245455 0.636364
-1 0.245455 0.454545
-1 0.190909 0.454545
-1 0.190909 0.454545
-1 0.245455 0.454545
-1 0.245455 0.272727
-1 0.190909 0.272727
-1 0.190909 0.272727
-1 0.245455 0.272727
-1 0.245455 0.090909
-1 0.190909 0.090909
-1 0.190909 0.090909
-1 0.245455 0.090909
-1 0.245455 -0.090909
-1 0.190909 -0.090909
-1 0.190909 -0.090909
-1 0.245455 -0.090909
-1 0.245455 -0.272727
-1 0.190909 -0.272727
-1 0.190909 -0.272727
-1 0.245455 -0.272727
-1 0.245455 -0.454545
-1 0.190909 -0.454545
-1 0.190909 -0.454545
-1 0.245455 -0.454545
-1 0.245455 -0.636364
-1 0.190909 -0.636364
-1 0.190909 -0.636364
-1 0.245455 -0.636364
-1 0.245455 -0.818182
-1 0.190909 -0.818182
-1 0.245455 1
-0.88601 0.3 0.88601
-0.88601 0.3 0.724917
-1 0.245455 0.818182
-1 0.245455 0.818182
-0.88601 0.3 0.724917
-0.88601 0.3 0.563825
-1 0.245455 0.636364
-1 0.245455 0.636364
-0.88601 0.3 0.563825
-0.88601 0.3 0.402732
-1 0.245455 0.454545
-1 0.245455 0.454545
-0.88601 0.3 0.402732
-0.88601 0.3 0.241639
-1 0.245455 0.272727
-1 0.245455 0.272727
-0.88601 0.3 0.241639
-0.88601 0.3 0.080546
-1 0.245455 0.090909
-1 0.245455 0.090909
-0.88601 0.3 0.080546
-0.88601 0.3 -0.080546
-1 0.245455 -0.090909
-1 0.245455 -0.090909
-0.88601 0.3 -0.080546
-0.88601 0.3 -0.241639
-1 0.245455 -0.272727
-1 0.245455 -0.272727
-0.88601 0.3 -0.241639
-0.88601 0.3 -0.402732
-1 0.245455 -0.454545
-1 0.245455 -0.454545
-0.88601 0.3 -0.402732
-0.88601 0.3 -0.563825
-1 0.245455 -0.636364
-1 0.245455 -0.636364
-0.88601 0.3 -0.563825
-0.88601 0.3 -0.724917
-1 0.245455 -0.818182
