0.909091 0.909091
0.862459 1
0.943005 1
1 0.909091
0.909091 0.909091
0.862459 1
0.943005 1
1 0.909091
0.090909 0.909091
0.137541 1
0.056995 1
0 0.909091
0.090909 0.909091
0.137541 1
0.056995 1
0 0.909091
0.909091 0.090909
1 0.090909
1 0
0.909091 0
0.137541 0.137541
0.056995 0.137541
0.056995 0.056995
0.137541 0.056995
0.943005 0.137541
0.862459 0.137541
0.862459 0.056995
0.943005 0.056995
0.862459 0.137541
0.781912 0.137541
0.781912 0.056995
0.862459 0.056995
0.781912 0.137541
0.701366 0.137541
0.701366 0.056995
0.781912 0.056995
0.701366 0.137541
0.62082 0.137541
0.62082 0.056995
0.701366 0.056995
0.62082 0.137541
0.540273 0.137541
0.540273 0.056995
0.62082 0.056995
0.540273 0.137541
0.459727 0.137541
0.459727 0.056995
0.540273 0.056995
0.459727 0.137541
0.37918 0.137541
0.37918 0.056995
0.459727 0.056995
0.37918 0.137541
0.298634 0.137541
0.298634 0.056995
0.37918 0.056995
0.298634 0.137541
0.218088 0.137541
0.218088 0.056995
0.298634 0.056995
0.218088 0.137541
0.137541 0.137541
0.137541 0.056995
0.218088 0.056995
0.943005 0.943005
0.862459 0.943005
0.862459 0.862459
0.943005 0.862459
0.943005 0.862459
0.862459 0.862459
0.862459 0.781912
0.943005 0.781912
0.943005 0.781912
0.862459 0.781912
0.862459 0.701366
0.943005 0.701366
0.943005 0.701366
0.862459 0.701366
0.862459 0.62082
0.943005 0.62082
0.943005 0.62082
0.862459 0.62082
0.862459 0.540273
0.943005 0.540273
0.943005 0.540273
0.862459 0.540273
0.862459 0.459727
0.943005 0.459727
0.943005 0.459727
0.862459 0.459727
0.862459 0.37918
0.943005 0.37918
0.943005 0.37918
0.862459 0.37918
0.862459 0.298634
0.943005 0.298634
0.943005 0.298634
0.862459 0.298634
0.862459 0.218088
0.943005 0.218088
0.943005 0.218088
0.862459 0.218088
0.862459 0.137541
0.943005 0.137541
0.862459 0.943005
0.781912 0.943005
0.781912 0.862459
0.862459 0.862459
0.862459 0.862459
0.781912 0.862459
0.781912 0.781912
0.862459 0.781912
0.862459 0.781912
0.781912 0.781912
0.781912 0.701366
0.862459 0.701366
0.862459 0.701366
0.781912 0.701366
0.781912 0.62082
0.862459 0.62082
0.862459 0.62082
0.781912 0.62082
0.781912 0.540273
0.862459 0.540273
0.862459 0.540273
0.781912 0.540273
0.781912 0.459727
0.862459 0.459727
0.862459 0.459727
0.781912 0.459727
0.781912 0.37918
0.862459 0.37918
0.862459 0.37918
0.781912 0.37918
0.781912 0.298634
0.862459 0.298634
0.862459 0.298634
0.781912 0.298634
0.781912 0.218088
0.862459 0.218088
0.862459 0.218088
0.781912 0.218088
0.781912 0.137541
0.862459 0.137541
0.781912 0.943005
0.701366 0.943005
0.701366 0.862459
0.781912 0.862459
0.781912 0.862459
0.701366 0.862459
0.701366 0.781912
0.781912 0.781912
0.781912 0.781912
0.701366 0.781912
0.701366 0.701366
0.781912 0.701366
0.781912 0.701366
0.701366 0.701366
0.701366 0.62082
0.781912 0.62082
0.781912 0.62082
0.701366 0.62082
0.701366 0.540273
0.781912 0.540273
0.781912 0.540273
0.701366 0.540273
0.701366 0.459727
0.781912 0.459727
0.781912 0.459727
0.701366 0.459727
0.701366 0.37918
0.781912 0.37918
0.781912 0.37918
0.701366 0.37918
0.701366 0.298634
0.781912 0.298634
0.781912 0.298634
0.701366 0.298634
0.701366 0.218088
0.781912 0.218088
0.781912 0.218088
0.701366 0.218088
0.701366 0.137541
0.781912 0.137541
0.701366 0.943005
0.62082 0.943005
0.62082 0.862459
0.701366 0.862459
0.701366 0.862459
0.62082 0.862459
0.62082 0.781912
0.701366 0.781912
0.701366 0.781912
0.62082 0.781912
0.62082 0.701366
0.701366 0.701366
0.701366 0.701366
0.62082 0.701366
0.62082 0.62082
0.701366 0.62082
0.701366 0.62082
0.62082 0.62082
0.62082 0.540273
0.701366 0.540273
0.701366 0.540273
0.62082 0.540273
0.62082 0.459727
0.701366 0.459727
0.701366 0.459727
0.62082 0.459727
0.62082 0.37918
0.701366 0.37918
0.701366 0.37918
0.62082 0.37918
0.62082 0.298634
0.701366 0.298634
0.701366 0.298634
0.62082 0.298634
0.62082 0.218088
0.701366 0.218088
0.701366 0.218088
0.62082 0.218088
0.62082 0.137541
0.701366 0.137541
0.62082 0.943005
0.540273 0.943005
0.540273 0.862459
0.62082 0.862459
0.62082 0.862459
0.540273 0.862459
0.540273 0.781912
0.62082 0.781912
0.62082 0.781912
0.540273 0.781912
0.540273 0.701366
0.62082 0.701366
0.62082 0.701366
0.540273 0.701366
0.540273 0.62082
0.62082 0.62082
0.62082 0.62082
0.540273 0.62082
0.540273 0.540273
0.62082 0.540273
0.62082 0.540273
0.540273 0.540273
0.540273 0.459727
0.62082 0.459727
0.62082 0.459727
0.540273 0.459727
0.540273 0.37918
0.62082 0.37918
0.62082 0.37918
0.540273 0.37918
0.540273 0.298634
0.62082 0.298634
0.62082 0.298634
0.540273 0.298634
0.540273 0.218088
0.62082 0.218088
0.62082 0.218088
0.540273 0.218088
0.540273 0.137541
0.62082 0.137541
0.540273 0.943005
0.459727 0.943005
0.459727 0.862459
0.540273 0.862459
0.540273 0.862459
0.459727 0.862459
0.459727 0.781912
0.540273 0.781912
0.540273 0.781912
0.459727 0.781912
0.459727 0.701366
0.540273 0.701366
0.540273 0.701366
0.459727 0.701366
0.459727 0.62082
0.540273 0.62082
0.540273 0.62082
0.459727 0.62082
0.459727 0.540273
0.540273 0.540273
0.540273 0.540273
0.459727 0.540273
0.459727 0.459727
0.540273 0.459727
0.540273 0.459727
0.459727 0.459727
0.459727 0.37918
0.540273 0.37918
0.540273 0.37918
0.459727 0.37918
0.459727 0.298634
0.540273 0.298634
0.540273 0.298634
0.459727 0.298634
0.459727 0.218088
0.540273 0.218088
0.540273 0.218088
0.459727 0.218088
0.459727 0.137541
0.540273 0.137541
0.459727 0.943005
0.37918 0.943005
0.37918 0.862459
0.459727 0.862459
0.459727 0.862459
0.37918 0.862459
0.37918 0.781912
0.459727 0.781912
0.459727 0.781912
0.37918 0.781912
0.37918 0.701366
0.459727 0.701366
0.459727 0.701366
0.37918 0.701366
0.37918 0.62082
0.459727 0.62082
0.459727 0.62082
0.37918 0.62082
0.37918 0.540273
0.459727 0.540273
0.459727 0.540273
0.37918 0.540273
0.37918 0.459727
0.459727 0.459727
0.459727 0.459727
0.37918 0.459727
0.37918 0.37918
0.459727 0.37918
0.459727 0.37918
0.37918 0.37918
0.37918 0.298634
0.459727 0.298634
0.459727 0.298634
0.37918 0.298634
0.37918 0.218088
0.459727 0.218088
0.459727 0.218088
0.37918 0.218088
0.37918 0.137541
0.459727 0.137541
0.37918 0.943005
0.298634 0.943005
0.298634 0.862459
0.37918 0.862459
0.37918 0.862459
0.298634 0.862459
0.298634 0.781912
0.37918 0.781912
0.37918 0.781912
0.298634 0.781912
0.298634 0.701366
0.37918 0.701366
0.37918 0.701366
0.298634 0.701366
0.298634 0.62082
0.37918 0.62082
0.37918 0.62082
0.298634 0.62082
0.298634 0.540273
0.37918 0.540273
0.37918 0.540273
0.298634 0.540273
0.298634 0.459727
0.37918 0.459727
0.37918 0.459727
0.298634 0.459727
0.298634 0.37918
0.37918 0.37918
0.37918 0.37918
0.298634 0.37918
0.298634 0.298634
0.37918 0.298634
0.37918 0.298634
0.298634 0.298634
0.298634 0.218088
0.37918 0.218088
0.37918 0.218088
0.298634 0.218088
0.298634 0.137541
0.37918 0.137541
0.298634 0.943005
0.218088 0.943005
0.218088 0.862459
0.298634 0.862459
0.298634 0.862459
0.218088 0.862459
0.218088 0.781912
0.298634 0.781912
0.298634 0.781912
0.218088 0.781912
0.218088 0.701366
0.298634 0.701366
0.298634 0.701366
0.218088 0.701366
0.218088 0.62082
0.298634 0.62082
0.298634 0.62082
0.218088 0.62082
0.218088 0.540273
0.298634 0.540273
0.298634 0.540273
0.218088 0.540273
0.218088 0.459727
0.298634 0.459727
0.298634 0.459727
0.218088 0.459727
0.218088 0.37918
0.298634 0.37918
0.298634 0.37918
0.218088 0.37918
0.218088 0.298634
0.298634 0.298634
0.298634 0.298634
0.218088 0.298634
0.218088 0.218088
0.298634 0.218088
0.298634 0.218088
0.218088 0.218088
0.218088 0.137541
0.298634 0.137541
0.218088 0.943005
0.137541 0.943005
0.137541 0.862459
0.218088 0.862459
0.218088 0.862459
0.137541 0.862459
0.137541 0.781912
0.218088 0.781912
0.218088 0.781912
0.137541 0.781912
0.137541 0.701366
0.218088 0.701366
0.218088 0.701366
0.137541 0.701366
0.137541 0.62082
0.218088 0.62082
0.218088 0.62082
0.137541 0.62082
0.137541 0.540273
0.218088 0.540273
0.218088 0.540273
0.137541 0.540273
0.137541 0.459727
0.218088 0.459727
0.218088 0.459727
0.137541 0.459727
0.137541 0.37918
0.218088 0.37918
0.218088 0.37918
0.137541 0.37918
0.137541 0.298634
0.218088 0.298634
0.218088 0.298634
0.137541 0.298634
0.137541 0.218088
0.218088 0.218088
0.218088 0.218088
0.137541 0.218088
0.137541 0.137541
0.218088 0.137541
0.137541 0.943005
0.056995 0.943005
0.056995 0.862459
0.137541 0.862459
0.137541 0.862459
0.056995 0.862459
0.056995 0.781912
0.137541 0.781912
0.137541 0.781912
0.056995 0.781912
0.056995 0.701366
0.137541 0.701366
0.137541 0.701366
0.056995 0.701366
0.056995 0.62082
0.137541 0.62082
0.137541 0.62082
0.056995 0.62082
0.056995 0.540273
0.137541 0.540273
0.137541 0.540273
0.056995 0.540273
0.056995 0.459727
0.137541 0.459727
0.137541 0.459727
0.056995 0.459727
0.056995 0.37918
0.137541 0.37918
0.137541 0.37918
0.056995 0.37918
0.056995 0.298634
0.137541 0.298634
0.137541 0.298634
0.056995 0.298634
0.056995 0.218088
0.137541 0.218088
0.137541 0.218088
0.056995 0.218088
0.056995 0.137541
0.137541 0.137541
0 0.090909
0.090909 0.090909
0.090909 0
0 0
0.090909 0.090909
0.181818 0.090909
0.181818 0
0.090909 0
0.181818 0.090909
0.272727 0.090909
0.272727 0
0.181818 0
0.272727 0.090909
0.363636 0.090909
0.363636 0
0.272727 0
0.363636 0.090909
0.454545 0.090909
0.454545 0
0.363636 0
0.454545 0.090909
0.545455 0.090909
0.545455 0
0.454545 0
0.545455 0.090909
0.636364 0.090909
0.636364 0
0.545455 0
0.636364 0.090909
0.727273 0.090909
0.727273 0
0.636364 0
0.727273 0.090909
0.818182 0.090909
0.818182 0
0.727273 0
0.818182 0.090909
0.909091 0.090909
0.909091 0
0.818182 0
0 0
0.090909 0
0.090909 -0.090909
0 -0.090909
0 0.909091
0.090909 0.909091
0.090909 0.818182
0 0.818182
0 0.818182
0.090909 0.818182
0.090909 0.727273
0 0.727273
0 0.727273
0.090909 0.727273
0.090909 0.636364
0 0.636364
0 0.636364
0.090909 0.636364
0.090909 0.545455
0 0.545455
0 0.545455
0.090909 0.545455
0.090909 0.454545
0 0.454545
0 0.454545
0.090909 0.454545
0.090909 0.363636
0 0.363636
0 0.363636
0.090909 0.363636
0.090909 0.272727
0 0.272727
0 0.272727
0.090909 0.272727
0.090909 0.181818
0 0.181818
0 0.181818
0.090909 0.181818
0.090909 0.090909
0 0.090909
0.090909 0
0.181818 0
0.181818 -0.090909
0.090909 -0.090909
0.090909 0.909091
0.181818 0.909091
0.181818 0.818182
0.090909 0.818182
0.090909 0.818182
0.181818 0.818182
0.181818 0.727273
0.090909 0.727273
0.090909 0.727273
0.181818 0.727273
0.181818 0.636364
0.090909 0.636364
0.090909 0.636364
0.181818 0.636364
0.181818 0.545455
0.090909 0.545455
0.090909 0.545455
0.181818 0.545455
0.181818 0.454545
0.090909 0.454545
0.090909 0.454545
0.181818 0.454545
0.181818 0.363636
0.090909 0.363636
0.090909 0.363636
0.181818 0.363636
0.181818 0.272727
0.090909 0.272727
0.090909 0.272727
0.181818 0.272727
0.181818 0.181818
0.090909 0.181818
0.090909 0.181818
0.181818 0.181818
0.181818 0.090909
0.090909 0.090909
0.181818 0
0.272727 0
0.272727 -0.090909
0.181818 -0.090909
0.181818 0.909091
0.272727 0.909091
0.272727 0.818182
0.181818 0.818182
0.181818 0.818182
0.272727 0.818182
0.272727 0.727273
0.181818 0.727273
0.181818 0.727273
0.272727 0.727273
0.272727 0.636364
0.181818 0.636364
0.181818 0.636364
0.272727 0.636364
0.272727 0.545455
0.181818 0.545455
0.181818 0.545455
0.272727 0.545455
0.272727 0.454545
0.181818 0.454545
0.181818 0.454545
0.272727 0.454545
0.272727 0.363636
0.181818 0.363636
0.181818 0.363636
0.272727 0.363636
0.272727 0.272727
0.181818 0.272727
0.181818 0.272727
0.272727 0.272727
0.272727 0.181818
0.181818 0.181818
0.181818 0.181818
0.272727 0.181818
0.272727 0.090909
0.181818 0.090909
0.272727 0
0.363636 0
0.363636 -0.090909
0.272727 -0.090909
0.272727 0.909091
0.363636 0.909091
0.363636 0.818182
0.272727 0.818182
0.272727 0.818182
0.363636 0.818182
0.363636 0.727273
0.272727 0.727273
0.272727 0.727273
0.363636 0.727273
0.363636 0.636364
0.272727 0.636364
0.272727 0.636364
0.363636 0.636364
0.363636 0.545455
0.272727 0.545455
0.272727 0.545455
0.363636 0.545455
0.363636 0.454545
0.272727 0.454545
0.272727 0.454545
0.363636 0.454545
0.363636 0.363636
0.272727 0.363636
0.272727 0.363636
0.363636 0.363636
0.363636 0.272727
0.272727 0.272727
0.272727 0.272727
0.363636 0.272727
0.363636 0.181818
0.272727 0.181818
0.272727 0.181818
0.363636 0.181818
0.363636 0.090909
0.272727 0.090909
0.363636 0
0.454545 0
0.454545 -0.090909
0.363636 -0.090909
0.363636 0.909091
0.454545 0.909091
0.454545 0.818182
0.363636 0.818182
0.363636 0.818182
0.454545 0.818182
0.454545 0.727273
0.363636 0.727273
0.363636 0.727273
0.454545 0.727273
0.454545 0.636364
0.363636 0.636364
0.363636 0.636364
0.454545 0.636364
0.454545 0.545455
0.363636 0.545455
0.363636 0.545455
0.454545 0.545455
0.454545 0.454545
0.363636 0.454545
0.363636 0.454545
0.454545 0.454545
0.454545 0.363636
0.363636 0.363636
0.363636 0.363636
0.454545 0.363636
0.454545 0.272727
0.363636 0.272727
0.363636 0.272727
0.454545 0.272727
0.454545 0.181818
0.363636 0.181818
0.363636 0.181818
0.454545 0.181818
0.454545 0.090909
0.363636 0.090909
0.454545 0
0.545455 0
0.545455 -0.090909
0.454545 -0.090909
0.454545 0.909091
0.545455 0.909091
0.545455 0.818182
0.454545 0.818182
0.454545 0.818182
0.545455 0.818182
0.545455 0.727273
0.454545 0.727273
0.454545 0.727273
0.545455 0.727273
0.545455 0.636364
0.454545 0.636364
0.454545 0.636364
0.545455 0.636364
0.545455 0.545455
0.454545 0.545455
0.454545 0.545455
0.545455 0.545455
0.545455 0.454545
0.454545 0.454545
0.454545 0.454545
0.545455 0.454545
0.545455 0.363636
0.454545 0.363636
0.454545 0.363636
0.545455 0.363636
0.545455 0.272727
0.454545 0.272727
0.454545 0.272727
0.545455 0.272727
0.545455 0.181818
0.454545 0.181818
0.454545 0.181818
0.545455 0.181818
0.545455 0.090909
0.454545 0.090909
0.545455 0
0.636364 0
0.636364 -0.090909
0.545455 -0.090909
0.545455 0.909091
0.636364 0.909091
0.636364 0.818182
0.545455 0.818182
0.545455 0.818182
0.636364 0.818182
0.636364 0.727273
0.545455 0.727273
0.545455 0.727273
0.636364 0.727273
0.636364 0.636364
0.545455 0.636364
0.545455 0.636364
0.636364 0.636364
0.636364 0.545455
0.545455 0.545455
0.545455 0.545455
0.636364 0.545455
0.636364 0.454545
0.545455 0.454545
0.545455 0.454545
0.636364 0.454545
0.636364 0.363636
0.545455 0.363636
0.545455 0.363636
0.636364 0.363636
0.636364 0.272727
0.545455 0.272727
0.545455 0.272727
0.636364 0.272727
0.636364 0.181818
0.545455 0.181818
0.545455 0.181818
0.636364 0.181818
0.636364 0.090909
0.545455 0.090909
0.636364 0
0.727273 0
0.727273 -0.090909
0.636364 -0.090909
0.636364 0.909091
0.727273 0.909091
0.727273 0.818182
0.636364 0.818182
0.636364 0.818182
0.727273 0.818182
0.727273 0.727273
0.636364 0.727273
0.636364 0.727273
0.727273 0.727273
0.727273 0.636364
0.636364 0.636364
0.636364 0.636364
0.727273 0.636364
0.727273 0.545455
0.636364 0.545455
0.636364 0.545455
0.727273 0.545455
0.727273 0.454545
0.636364 0.454545
0.636364 0.454545
0.727273 0.454545
0.727273 0.363636
0.636364 0.363636
0.636364 0.363636
0.727273 0.363636
0.727273 0.272727
0.636364 0.272727
0.636364 0.272727
0.727273 0.272727
0.727273 0.181818
0.636364 0.181818
0.636364 0.181818
0.727273 0.181818
0.727273 0.090909
0.636364 0.090909
0.727273 0
0.818182 0
0.818182 -0.090909
0.727273 -0.090909
0.727273 0.909091
0.818182 0.909091
0.818182 0.818182
0.727273 0.818182
0.727273 0.818182
0.818182 0.818182
0.818182 0.727273
0.727273 0.727273
0.727273 0.727273
0.818182 0.727273
0.818182 0.636364
0.727273 0.636364
0.727273 0.636364
0.818182 0.636364
0.818182 0.545455
0.727273 0.545455
0.727273 0.545455
0.818182 0.545455
0.818182 0.454545
0.727273 0.454545
0.727273 0.454545
0.818182 0.454545
0.818182 0.363636
0.727273 0.363636
0.727273 0.363636
0.818182 0.363636
0.818182 0.272727
0.727273 0.272727
0.727273 0.272727
0.818182 0.272727
0.818182 0.181818
0.727273 0.181818
0.727273 0.181818
0.818182 0.181818
0.818182 0.090909
0.727273 0.090909
0.818182 0
0.909091 0
0.909091 -0.090909
0.818182 -0.090909
0.818182 0.909091
0.909091 0.909091
0.909091 0.818182
0.818182 0.818182
0.818182 0.818182
0.909091 0.818182
0.909091 0.727273
0.818182 0.727273
0.818182 0.727273
0.909091 0.727273
0.909091 0.636364
0.818182 0.636364
0.818182 0.636364
0.909091 0.636364
0.909091 0.545455
0.818182 0.545455
0.818182 0.545455
0.909091 0.545455
0.909091 0.454545
0.818182 0.454545
0.818182 0.454545
0.909091 0.454545
0.909091 0.363636
0.818182 0.363636
0.818182 0.363636
0.909091 0.363636
0.909091 0.272727
0.818182 0.272727
0.818182 0.272727
0.909091 0.272727
0.909091 0.181818
0.818182 0.181818
0.818182 0.181818
0.909091 0.181818
0.909091 0.090909
0.818182 0.090909
0.909091 0
1 0
1 -0.090909
0.909091 -0.090909
0.909091 0.909091
1 0.909091
1 0.818182
0.909091 0.818182
0.909091 0.818182
1 0.818182
1 0.727273
0.909091 0.727273
0.909091 0.727273
1 0.727273
1 0.636364
0.909091 0.636364
0.909091 0.636364
1 0.636364
1 0.545455
0.909091 0.545455
0.909091 0.545455
1 0.545455
1 0.454545
0.909091 0.454545
0.909091 0.454545
1 0.454545
1 0.363636
0.909091 0.363636
0.909091 0.363636
1 0.363636
1 0.272727
0.909091 0.272727
0.909091 0.272727
1 0.272727
1 0.181818
0.909091 0.181818
0.909091 0.181818
1 0.181818
1 0.090909
0.909091 0.090909
0.090909 0
0.090909 0.090909
0 0.090909
0 0
0.090909 0.090909
0.090909 0.181818
0 0.181818
0 0.090909
0.090909 0.181818
0.090909 0.272727
0 0.272727
0 0.181818
0.090909 0.272727
0.090909 0.363636
0 0.363636
0 0.272727
0.090909 0.363636
0.090909 0.454545
0 0.454545
0 0.363636
0.090909 0.454545
0.090909 0.545455
0 0.545455
0 0.454545
0.090909 0.545455
0.090909 0.636364
0 0.636364
0 0.545455
0.090909 0.636364
0.090909 0.727273
0 0.727273
0 0.636364
0.090909 0.727273
0.090909 0.818182
0 0.818182
0 0.727273
0.090909 0.818182
0.090909 0.909091
0 0.909091
0 0.818182
0 0
0 0.090909
-0.090909 0.090909
-0.090909 0
0.909091 0
0.909091 0.090909
0.818182 0.090909
0.818182 0
0.818182 0
0.818182 0.090909
0.727273 0.090909
0.727273 0
0.727273 0
0.727273 0.090909
0.636364 0.090909
0.636364 0
0.636364 0
0.636364 0.090909
0.545455 0.090909
0.545455 0
0.545455 0
0.545455 0.090909
0.454545 0.090909
0.454545 0
0.454545 0
0.454545 0.090909
0.363636 0.090909
0.363636 0
0.363636 0
0.363636 0.090909
0.272727 0.090909
0.272727 0
0.272727 0
0.272727 0.090909
0.181818 0.090909
0.181818 0
0.181818 0
0.181818 0.090909
0.090909 0.090909
0.090909 0
0 0.090909
0 0.181818
-0.090909 0.181818
-0.090909 0.090909
0.909091 0.090909
0.909091 0.181818
0.818182 0.181818
0.818182 0.090909
0.818182 0.090909
0.818182 0.181818
0.727273 0.181818
0.727273 0.090909
0.727273 0.090909
0.727273 0.181818
0.636364 0.181818
0.636364 0.090909
0.636364 0.090909
0.636364 0.181818
0.545455 0.181818
0.545455 0.090909
0.545455 0.090909
0.545455 0.181818
0.454545 0.181818
0.454545 0.090909
0.454545 0.090909
0.454545 0.181818
0.363636 0.181818
0.363636 0.090909
0.363636 0.090909
0.363636 0.181818
0.272727 0.181818
0.272727 0.090909
0.272727 0.090909
0.272727 0.181818
0.181818 0.181818
0.181818 0.090909
0.181818 0.090909
0.181818 0.181818
0.090909 0.181818
0.090909 0.090909
0 0.181818
0 0.272727
-0.090909 0.272727
-0.090909 0.181818
0.909091 0.181818
0.909091 0.272727
0.818182 0.272727
0.818182 0.181818
0.818182 0.181818
0.818182 0.272727
0.727273 0.272727
0.727273 0.181818
0.727273 0.181818
0.727273 0.272727
0.636364 0.272727
0.636364 0.181818
0.636364 0.181818
0.636364 0.272727
0.545455 0.272727
0.545455 0.181818
0.545455 0.181818
0.545455 0.272727
0.454545 0.272727
0.454545 0.181818
0.454545 0.181818
0.454545 0.272727
0.363636 0.272727
0.363636 0.181818
0.363636 0.181818
0.363636 0.272727
0.272727 0.272727
0.272727 0.181818
0.272727 0.181818
0.272727 0.272727
0.181818 0.272727
0.181818 0.181818
0.181818 0.181818
0.181818 0.272727
0.090909 0.272727
0.090909 0.181818
0 0.272727
0 0.363636
-0.090909 0.363636
-0.090909 0.272727
0.909091 0.272727
0.909091 0.363636
0.818182 0.363636
0.818182 0.272727
0.818182 0.272727
0.818182 0.363636
0.727273 0.363636
0.727273 0.272727
0.727273 0.272727
0.727273 0.363636
0.636364 0.363636
0.636364 0.272727
0.636364 0.272727
0.636364 0.363636
0.545455 0.363636
0.545455 0.272727
0.545455 0.272727
0.545455 0.363636
0.454545 0.363636
0.454545 0.272727
0.454545 0.272727
0.454545 0.363636
0.363636 0.363636
0.363636 0.272727
0.363636 0.272727
0.363636 0.363636
0.272727 0.363636
0.272727 0.272727
0.272727 0.272727
0.272727 0.363636
0.181818 0.363636
0.181818 0.272727
0.181818 0.272727
0.181818 0.363636
0.090909 0.363636
0.090909 0.272727
0 0.363636
0 0.454545
-0.090909 0.454545
-0.090909 0.363636
0.909091 0.363636
0.909091 0.454545
0.818182 0.454545
0.818182 0.363636
0.818182 0.363636
0.818182 0.454545
0.727273 0.454545
0.727273 0.363636
0.727273 0.363636
0.727273 0.454545
0.636364 0.454545
0.636364 0.363636
0.636364 0.363636
0.636364 0.454545
0.545455 0.454545
0.545455 0.363636
0.545455 0.363636
0.545455 0.454545
0.454545 0.454545
0.454545 0.363636
0.454545 0.363636
0.454545 0.454545
0.363636 0.454545
0.363636 0.363636
0.363636 0.363636
0.363636 0.454545
0.272727 0.454545
0.272727 0.363636
0.272727 0.363636
0.272727 0.454545
0.181818 0.454545
0.181818 0.363636
0.181818 0.363636
0.181818 0.454545
0.090909 0.454545
0.090909 0.363636
0 0.454545
0 0.545455
-0.090909 0.545455
-0.090909 0.454545
0.909091 0.454545
0.909091 0.545455
0.818182 0.545455
0.818182 0.454545
0.818182 0.454545
0.818182 0.545455
0.727273 0.545455
0.727273 0.454545
0.727273 0.454545
0.727273 0.545455
0.636364 0.545455
0.636364 0.454545
0.636364 0.454545
0.636364 0.545455
0.545455 0.545455
0.545455 0.454545
0.545455 0.454545
0.545455 0.545455
0.454545 0.545455
0.454545 0.454545
0.454545 0.454545
0.454545 0.545455
0.363636 0.545455
0.363636 0.454545
0.363636 0.454545
0.363636 0.545455
0.272727 0.545455
0.272727 0.454545
0.272727 0.454545
0.272727 0.545455
0.181818 0.545455
0.181818 0.454545
0.181818 0.454545
0.181818 0.545455
0.090909 0.545455
0.090909 0.454545
0 0.545455
0 0.636364
-0.090909 0.636364
-0.090909 0.545455
0.909091 0.545455
0.909091 0.636364
0.818182 0.636364
0.818182 0.545455
0.818182 0.545455
0.818182 0.636364
0.727273 0.636364
0.727273 0.545455
0.727273 0.545455
0.727273 0.636364
0.636364 0.636364
0.636364 0.545455
0.636364 0.545455
0.636364 0.636364
0.545455 0.636364
0.545455 0.545455
0.545455 0.545455
0.545455 0.636364
0.454545 0.636364
0.454545 0.545455
0.454545 0.545455
0.454545 0.636364
0.363636 0.636364
0.363636 0.545455
0.363636 0.545455
0.363636 0.636364
0.272727 0.636364
0.272727 0.545455
0.272727 0.545455
0.272727 0.636364
0.181818 0.636364
0.181818 0.545455
0.181818 0.545455
0.181818 0.636364
0.090909 0.636364
0.090909 0.545455
0 0.636364
0 0.727273
-0.090909 0.727273
-0.090909 0.636364
0.909091 0.636364
0.909091 0.727273
0.818182 0.727273
0.818182 0.636364
0.818182 0.636364
0.818182 0.727273
0.727273 0.727273
0.727273 0.636364
0.727273 0.636364
0.727273 0.727273
0.636364 0.727273
0.636364 0.636364
0.636364 0.636364
0.636364 0.727273
0.545455 0.727273
0.545455 0.636364
0.545455 0.636364
0.545455 0.727273
0.454545 0.727273
0.454545 0.636364
0.454545 0.636364
0.454545 0.727273
0.363636 0.727273
0.363636 0.636364
0.363636 0.636364
0.363636 0.727273
0.272727 0.727273
0.272727 0.636364
0.272727 0.636364
0.272727 0.727273
0.181818 0.727273
0.181818 0.636364
0.181818 0.636364
0.181818 0.727273
0.090909 0.727273
0.090909 0.636364
0 0.727273
0 0.818182
-0.090909 0.818182
-0.090909 0.727273
0.909091 0.727273
0.909091 0.818182
0.818182 0.818182
0.818182 0.727273
0.818182 0.727273
0.818182 0.818182
0.727273 0.818182
0.727273 0.727273
0.727273 0.727273
0.727273 0.818182
0.636364 0.818182
0.636364 0.727273
0.636364 0.727273
0.636364 0.818182
0.545455 0.818182
0.545455 0.727273
0.545455 0.727273
0.545455 0.818182
0.454545 0.818182
0.454545 0.727273
0.454545 0.727273
0.454545 0.818182
0.363636 0.818182
0.363636 0.727273
0.363636 0.727273
0.363636 0.818182
0.272727 0.818182
0.272727 0.727273
0.272727 0.727273
0.272727 0.818182
0.181818 0.818182
0.181818 0.727273
0.181818 0.727273
0.181818 0.818182
0.090909 0.818182
0.090909 0.727273
0 0.818182
0 0.909091
-0.090909 0.909091
-0.090909 0.818182
0.909091 0.818182
0.909091 0.909091
0.818182 0.909091
0.818182 0.818182
0.818182 0.818182
0.818182 0.909091
0.727273 0.909091
0.727273 0.818182
0.727273 0.818182
0.727273 0.909091
0.636364 0.909091
0.636364 0.818182
0.636364 0.818182
0.636364 0.909091
0.545455 0.909091
0.545455 0.818182
0.545455 0.818182
0.545455 0.909091
0.454545 0.909091
0.454545 0.818182
0.454545 0.818182
0.454545 0.909091
0.363636 0.909091
0.363636 0.818182
0.363636 0.818182
0.363636 0.909091
0.272727 0.909091
0.272727 0.818182
0.272727 0.818182
0.272727 0.909091
0.181818 0.909091
0.181818 0.818182
0.181818 0.818182
0.181818 0.909091
0.090909 0.909091
0.090909 0.818182
0 0.909091
-0.056995 1
-0.137541 1
-0.090909 0.909091
0.909091 0.909091
0.862459 1
0.781912 1
0.818182 0.909091
0.818182 0.909091
0.781912 1
0.701366 1
0.727273 0.909091
0.727273 0.909091
0.701366 1
0.62082 1
0.636364 0.909091
0.636364 0.909091
0.62082 1
0.540273 1
0.545455 0.909091
0.545455 0.909091
0.540273 1
0.459727 1
0.454545 0.909091
0.454545 0.909091
0.459727 1
0.37918 1
0.363636 0.909091
0.363636 0.909091
0.37918 1
0.298634 1
0.272727 0.909091
0.272727 0.909091
0.298634 1
0.218088 1
0.181818 0.909091
0.181818 0.909091
0.218088 1
0.137541 1
0.090909 0.909091
0.090909 0
0.090909 0.090909
0 0.090909
0 0
0.090909 0.090909
0.090909 0.181818
0 0.181818
0 0.090909
0.090909 0.181818
0.090909 0.272727
0 0.272727
0 0.181818
0.090909 0.272727
0.090909 0.363636
0 0.363636
0 0.272727
0.090909 0.363636
0.090909 0.454545
0 0.454545
0 0.363636
0.090909 0.454545
0.090909 0.545455
0 0.545455
0 0.454545
0.090909 0.545455
0.090909 0.636364
0 0.636364
0 0.545455
0.090909 0.636364
0.090909 0.727273
0 0.727273
0 0.636364
0.090909 0.727273
0.090909 0.818182
0 0.818182
0 0.727273
0.090909 0.818182
0.090909 0.909091
0 0.909091
0 0.818182
0 0
0 0.090909
-0.090909 0.090909
-0.090909 0
0.909091 0
0.909091 0.090909
0.818182 0.090909
0.818182 0
0.818182 0
0.818182 0.090909
0.727273 0.090909
0.727273 0
0.727273 0
0.727273 0.090909
0.636364 0.090909
0.636364 0
0.636364 0
0.636364 0.090909
0.545455 0.090909
0.545455 0
0.545455 0
0.545455 0.090909
0.454545 0.090909
0.454545 0
0.454545 0
0.454545 0.090909
0.363636 0.090909
0.363636 0
0.363636 0
0.363636 0.090909
0.272727 0.090909
0.272727 0
0.272727 0
0.272727 0.090909
0.181818 0.090909
0.181818 0
0.181818 0
0.181818 0.090909
0.090909 0.090909
0.090909 0
0 0.090909
0 0.181818
-0.090909 0.181818
-0.090909 0.090909
0.909091 0.090909
0.909091 0.181818
0.818182 0.181818
0.818182 0.090909
0.818182 0.090909
0.818182 0.181818
0.727273 0.181818
0.727273 0.090909
0.727273 0.090909
0.727273 0.181818
0.636364 0.181818
0.636364 0.090909
0.636364 0.090909
0.636364 0.181818
0.545455 0.181818
0.545455 0.090909
0.545455 0.090909
0.545455 0.181818
0.454545 0.181818
0.454545 0.090909
0.454545 0.090909
0.454545 0.181818
0.363636 0.181818
0.363636 0.090909
0.363636 0.090909
0.363636 0.181818
0.272727 0.181818
0.272727 0.090909
0.272727 0.090909
0.272727 0.181818
0.181818 0.181818
0.181818 0.090909
0.181818 0.090909
0.181818 0.181818
0.090909 0.181818
0.090909 0.090909
0 0.181818
0 0.272727
-0.090909 0.272727
-0.090909 0.181818
0.909091 0.181818
0.909091 0.272727
0.818182 0.272727
0.818182 0.181818
0.818182 0.181818
0.818182 0.272727
0.727273 0.272727
0.727273 0.181818
0.727273 0.181818
0.727273 0.272727
0.636364 0.272727
0.636364 0.181818
0.636364 0.181818
0.636364 0.272727
0.545455 0.272727
0.545455 0.181818
0.545455 0.181818
0.545455 0.272727
0.454545 0.272727
0.454545 0.181818
0.454545 0.181818
0.454545 0.272727
0.363636 0.272727
0.363636 0.181818
0.363636 0.181818
0.363636 0.272727
0.272727 0.272727
0.272727 0.181818
0.272727 0.181818
0.272727 0.272727
0.181818 0.272727
0.181818 0.181818
0.181818 0.181818
0.181818 0.272727
0.090909 0.272727
0.090909 0.181818
0 0.272727
0 0.363636
-0.090909 0.363636
-0.090909 0.272727
0.909091 0.272727
0.909091 0.363636
0.818182 0.363636
0.818182 0.272727
0.818182 0.272727
0.818182 0.363636
0.727273 0.363636
0.727273 0.272727
0.727273 0.272727
0.727273 0.363636
0.636364 0.363636
0.636364 0.272727
0.636364 0.272727
0.636364 0.363636
0.545455 0.363636
0.545455 0.272727
0.545455 0.272727
0.545455 0.363636
0.454545 0.363636
0.454545 0.272727
0.454545 0.272727
0.454545 0.363636
0.363636 0.363636
0.363636 0.272727
0.363636 0.272727
0.363636 0.363636
0.272727 0.363636
0.272727 0.272727
0.272727 0.272727
0.272727 0.363636
0.181818 0.363636
0.181818 0.272727
0.181818 0.272727
0.181818 0.363636
0.090909 0.363636
0.090909 0.272727
0 0.363636
0 0.454545
-0.090909 0.454545
-0.090909 0.363636
0.909091 0.363636
0.909091 0.454545
0.818182 0.454545
0.818182 0.363636
0.818182 0.363636
0.818182 0.454545
0.727273 0.454545
0.727273 0.363636
0.727273 0.363636
0.727273 0.454545
0.636364 0.454545
0.636364 0.363636
0.636364 0.363636
0.636364 0.454545
0.545455 0.454545
0.545455 0.363636
0.545455 0.363636
0.545455 0.454545
0.454545 0.454545
0.454545 0.363636
0.454545 0.363636
0.454545 0.454545
0.363636 0.454545
0.363636 0.363636
0.363636 0.363636
0.363636 0.454545
0.272727 0.454545
0.272727 0.363636
0.272727 0.363636
0.272727 0.454545
0.181818 0.454545
0.181818 0.363636
0.181818 0.363636
0.181818 0.454545
0.090909 0.454545
0.090909 0.363636
0 0.454545
0 0.545455
-0.090909 0.545455
-0.090909 0.454545
0.909091 0.454545
0.909091 0.545455
0.818182 0.545455
0.818182 0.454545
0.818182 0.454545
0.818182 0.545455
0.727273 0.545455
0.727273 0.454545
0.727273 0.454545
0.727273 0.545455
0.636364 0.545455
0.636364 0.454545
0.636364 0.454545
0.636364 0.545455
0.545455 0.545455
0.545455 0.454545
0.545455 0.454545
0.545455 0.545455
0.454545 0.545455
0.454545 0.454545
0.454545 0.454545
0.454545 0.545455
0.363636 0.545455
0.363636 0.454545
0.363636 0.454545
0.363636 0.545455
0.272727 0.545455
0.272727 0.454545
0.272727 0.454545
0.272727 0.545455
0.181818 0.545455
0.181818 0.454545
0.181818 0.454545
0.181818 0.545455
0.090909 0.545455
0.090909 0.454545
0 0.545455
0 0.636364
-0.090909 0.636364
-0.090909 0.545455
0.909091 0.545455
0.909091 0.636364
0.818182 0.636364
0.818182 0.545455
0.818182 0.545455
0.818182 0.636364
0.727273 0.636364
0.727273 0.545455
0.727273 0.545455
0.727273 0.636364
0.636364 0.636364
0.636364 0.545455
0.636364 0.545455
0.636364 0.636364
0.545455 0.636364
0.545455 0.545455
0.545455 0.545455
0.545455 0.636364
0.454545 0.636364
0.454545 0.545455
0.454545 0.545455
0.454545 0.636364
0.363636 0.636364
0.363636 0.545455
0.363636 0.545455
0.363636 0.636364
0.272727 0.636364
0.272727 0.545455
0.272727 0.545455
0.272727 0.636364
0.181818 0.636364
0.181818 0.545455
0.181818 0.545455
0.181818 0.636364
0.090909 0.636364
0.090909 0.545455
0 0.636364
0 0.727273
-0.090909 0.727273
-0.090909 0.636364
0.909091 0.636364
0.909091 0.727273
0.818182 0.727273
0.818182 0.636364
0.818182 0.636364
0.818182 0.727273
0.727273 0.727273
0.727273 0.636364
0.727273 0.636364
0.727273 0.727273
0.636364 0.727273
0.636364 0.636364
0.636364 0.636364
0.636364 0.727273
0.545455 0.727273
0.545455 0.636364
0.545455 0.636364
0.545455 0.727273
0.454545 0.727273
0.454545 0.636364
0.454545 0.636364
0.454545 0.727273
0.363636 0.727273
0.363636 0.636364
0.363636 0.636364
0.363636 0.727273
0.272727 0.727273
0.272727 0.636364
0.272727 0.636364
0.272727 0.727273
0.181818 0.727273
0.181818 0.636364
0.181818 0.636364
0.181818 0.727273
0.090909 0.727273
0.090909 0.636364
0 0.727273
0 0.818182
-0.090909 0.818182
-0.090909 0.727273
0.909091 0.727273
0.909091 0.818182
0.818182 0.818182
0.818182 0.727273
0.818182 0.727273
0.818182 0.818182
0.727273 0.818182
0.727273 0.727273
0.727273 0.727273
0.727273 0.818182
0.636364 0.818182
0.636364 0.727273
0.636364 0.727273
0.636364 0.818182
0.545455 0.818182
0.545455 0.727273
0.545455 0.727273
0.545455 0.818182
0.454545 0.818182
0.454545 0.727273
0.454545 0.727273
0.454545 0.818182
0.363636 0.818182
0.363636 0.727273
0.363636 0.727273
0.363636 0.818182
0.272727 0.818182
0.272727 0.727273
0.272727 0.727273
0.272727 0.818182
0.181818 0.818182
0.181818 0.727273
0.181818 0.727273
0.181818 0.818182
0.090909 0.818182
0.090909 0.727273
0 0.818182
0 0.909091
-0.090909 0.909091
-0.090909 0.818182
0.909091 0.818182
0.909091 0.909091
0.818182 0.909091
0.818182 0.818182
0.818182 0.818182
0.818182 0.909091
0.727273 0.909091
0.727273 0.818182
0.727273 0.818182
0.727273 0.909091
0.636364 0.909091
0.636364 0.818182
0.636364 0.818182
0.636364 0.909091
0.545455 0.909091
0.545455 0.818182
0.545455 0.818182
0.545455 0.909091
0.454545 0.909091
0.454545 0.818182
0.454545 0.818182
0.454545 0.909091
0.363636 0.909091
0.363636 0.818182
0.363636 0.818182
0.363636 0.909091
0.272727 0.909091
0.272727 0.818182
0.272727 0.818182
0.272727 0.909091
0.181818 0.909091
0.181818 0.818182
0.181818 0.818182
0.181818 0.909091
0.090909 0.909091
0.090909 0.818182
0 0.909091
-0.056995 1
-0.137541 1
-0.090909 0.909091
0.909091 0.909091
0.862459 1
0.781912 1
0.818182 0.909091
0.818182 0.909091
0.781912 1
0.701366 1
0.727273 0.909091
0.727273 0.909091
0.701366 1
0.62082 1
0.636364 0.909091
0.636364 0.909091
0.62082 1
0.540273 1
0.545455 0.909091
0.545455 0.909091
0.540273 1
0.459727 1
0.454545 0.909091
0.454545 0.909091
0.459727 1
0.37918 1
0.363636 0.909091
0.363636 0.909091
0.37918 1
0.298634 1
0.272727 0.909091
0.272727 0.909091
0.298634 1
0.218088 1
0.181818 0.909091
0.181818 0.909091
0.218088 1
0.137541 1
0.090909 0.909091
0.909091 0
0.909091 0.090909
1 0.090909
1 0
0.909091 0.090909
0.909091 0.181818
1 0.181818
1 0.090909
0.909091 0.181818
0.909091 0.272727
1 0.272727
1 0.181818
0.909091 0.272727
0.909091 0.363636
1 0.363636
1 0.272727
0.909091 0.363636
0.909091 0.454545
1 0.454545
1 0.363636
0.909091 0.454545
0.909091 0.545455
1 0.545455
1 0.454545
0.909091 0.545455
0.909091 0.636364
1 0.636364
1 0.545455
0.909091 0.636364
0.909091 0.727273
1 0.727273
1 0.636364
0.909091 0.727273
0.909091 0.818182
1 0.818182
1 0.727273
0.909091 0.818182
0.909091 0.909091
1 0.909091
1 0.818182
0 0
0 0.090909
0.090909 0.090909
0.090909 0
0.090909 0
0.090909 0.090909
0.181818 0.090909
0.181818 0
0.181818 0
0.181818 0.090909
0.272727 0.090909
0.272727 0
0.272727 0
0.272727 0.090909
0.363636 0.090909
0.363636 0
0.363636 0
0.363636 0.090909
0.454545 0.090909
0.454545 0
0.454545 0
0.454545 0.090909
0.545455 0.090909
0.545455 0
0.545455 0
0.545455 0.090909
0.636364 0.090909
0.636364 0
0.636364 0
0.636364 0.090909
0.727273 0.090909
0.727273 0
0.727273 0
0.727273 0.090909
0.818182 0.090909
0.818182 0
0.818182 0
0.818182 0.090909
0.909091 0.090909
0.909091 0
0 0.090909
0 0.181818
0.090909 0.181818
0.090909 0.090909
0.090909 0.090909
0.090909 0.181818
0.181818 0.181818
0.181818 0.090909
0.181818 0.090909
0.181818 0.181818
0.272727 0.181818
0.272727 0.090909
0.272727 0.090909
0.272727 0.181818
0.363636 0.181818
0.363636 0.090909
0.363636 0.090909
0.363636 0.181818
0.454545 0.181818
0.454545 0.090909
0.454545 0.090909
0.454545 0.181818
0.545455 0.181818
0.545455 0.090909
0.545455 0.090909
0.545455 0.181818
0.636364 0.181818
0.636364 0.090909
0.636364 0.090909
0.636364 0.181818
0.727273 0.181818
0.727273 0.090909
0.727273 0.090909
0.727273 0.181818
0.818182 0.181818
0.818182 0.090909
0.818182 0.090909
0.818182 0.181818
0.909091 0.181818
0.909091 0.090909
0 0.181818
0 0.272727
0.090909 0.272727
0.090909 0.181818
0.090909 0.181818
0.090909 0.272727
0.181818 0.272727
0.181818 0.181818
0.181818 0.181818
0.181818 0.272727
0.272727 0.272727
0.272727 0.181818
0.272727 0.181818
0.272727 0.272727
0.363636 0.272727
0.363636 0.181818
0.363636 0.181818
0.363636 0.272727
0.454545 0.272727
0.454545 0.181818
0.454545 0.181818
0.454545 0.272727
0.545455 0.272727
0.545455 0.181818
0.545455 0.181818
0.545455 0.272727
0.636364 0.272727
0.636364 0.181818
0.636364 0.181818
0.636364 0.272727
0.727273 0.272727
0.727273 0.181818
0.727273 0.181818
0.727273 0.272727
0.818182 0.272727
0.818182 0.181818
0.818182 0.181818
0.818182 0.272727
0.909091 0.272727
0.909091 0.181818
0 0.272727
0 0.363636
0.090909 0.363636
0.090909 0.272727
0.090909 0.272727
0.090909 0.363636
0.181818 0.363636
0.181818 0.272727
0.181818 0.272727
0.181818 0.363636
0.272727 0.363636
0.272727 0.272727
0.272727 0.272727
0.272727 0.363636
0.363636 0.363636
0.363636 0.272727
0.363636 0.272727
0.363636 0.363636
0.454545 0.363636
0.454545 0.272727
0.454545 0.272727
0.454545 0.363636
0.545455 0.363636
0.545455 0.272727
0.545455 0.272727
0.545455 0.363636
0.636364 0.363636
0.636364 0.272727
0.636364 0.272727
0.636364 0.363636
0.727273 0.363636
0.727273 0.272727
0.727273 0.272727
0.727273 0.363636
0.818182 0.363636
0.818182 0.272727
0.818182 0.272727
0.818182 0.363636
0.909091 0.363636
0.909091 0.272727
0 0.363636
0 0.454545
0.090909 0.454545
0.090909 0.363636
0.090909 0.363636
0.090909 0.454545
0.181818 0.454545
0.181818 0.363636
0.181818 0.363636
0.181818 0.454545
0.272727 0.454545
0.272727 0.363636
0.272727 0.363636
0.272727 0.454545
0.363636 0.454545
0.363636 0.363636
0.363636 0.363636
0.363636 0.454545
0.454545 0.454545
0.454545 0.363636
0.454545 0.363636
0.454545 0.454545
0.545455 0.454545
0.545455 0.363636
0.545455 0.363636
0.545455 0.454545
0.636364 0.454545
0.636364 0.363636
0.636364 0.363636
0.636364 0.454545
0.727273 0.454545
0.727273 0.363636
0.727273 0.363636
0.727273 0.454545
0.818182 0.454545
0.818182 0.363636
0.818182 0.363636
0.818182 0.454545
0.909091 0.454545
0.909091 0.363636
0 0.454545
0 0.545455
0.090909 0.545455
0.090909 0.454545
0.090909 0.454545
0.090909 0.545455
0.181818 0.545455
0.181818 0.454545
0.181818 0.454545
0.181818 0.545455
0.272727 0.545455
0.272727 0.454545
0.272727 0.454545
0.272727 0.545455
0.363636 0.545455
0.363636 0.454545
0.363636 0.454545
0.363636 0.545455
0.454545 0.545455
0.454545 0.454545
0.454545 0.454545
0.454545 0.545455
0.545455 0.545455
0.545455 0.454545
0.545455 0.454545
0.545455 0.545455
0.636364 0.545455
0.636364 0.454545
0.636364 0.454545
0.636364 0.545455
0.727273 0.545455
0.727273 0.454545
0.727273 0.454545
0.727273 0.545455
0.818182 0.545455
0.818182 0.454545
0.818182 0.454545
0.818182 0.545455
0.909091 0.545455
0.909091 0.454545
0 0.545455
0 0.636364
0.090909 0.636364
0.090909 0.545455
0.090909 0.545455
0.090909 0.636364
0.181818 0.636364
0.181818 0.545455
0.181818 0.545455
0.181818 0.636364
0.272727 0.636364
0.272727 0.545455
0.272727 0.545455
0.272727 0.636364
0.363636 0.636364
0.363636 0.545455
0.363636 0.545455
0.363636 0.636364
0.454545 0.636364
0.454545 0.545455
0.454545 0.545455
0.454545 0.636364
0.545455 0.636364
0.545455 0.545455
0.545455 0.545455
0.545455 0.636364
0.636364 0.636364
0.636364 0.545455
0.636364 0.545455
0.636364 0.636364
0.727273 0.636364
0.727273 0.545455
0.727273 0.545455
0.727273 0.636364
0.818182 0.636364
0.818182 0.545455
0.818182 0.545455
0.818182 0.636364
0.909091 0.636364
0.909091 0.545455
0 0.636364
0 0.727273
0.090909 0.727273
0.090909 0.636364
0.090909 0.636364
0.090909 0.727273
0.181818 0.727273
0.181818 0.636364
0.181818 0.636364
0.181818 0.727273
0.272727 0.727273
0.272727 0.636364
0.272727 0.636364
0.272727 0.727273
0.363636 0.727273
0.363636 0.636364
0.363636 0.636364
0.363636 0.727273
0.454545 0.727273
0.454545 0.636364
0.454545 0.636364
0.454545 0.727273
0.545455 0.727273
0.545455 0.636364
0.545455 0.636364
0.545455 0.727273
0.636364 0.727273
0.636364 0.636364
0.636364 0.636364
0.636364 0.727273
0.727273 0.727273
0.727273 0.636364
0.727273 0.636364
0.727273 0.727273
0.818182 0.727273
0.818182 0.636364
0.818182 0.636364
0.818182 0.727273
0.909091 0.727273
0.909091 0.636364
0 0.727273
0 0.818182
0.090909 0.818182
0.090909 0.727273
0.090909 0.727273
0.090909 0.818182
0.181818 0.818182
0.181818 0.727273
0.181818 0.727273
0.181818 0.818182
0.272727 0.818182
0.272727 0.727273
0.272727 0.727273
0.272727 0.818182
0.363636 0.818182
0.363636 0.727273
0.363636 0.727273
0.363636 0.818182
0.454545 0.818182
0.454545 0.727273
0.454545 0.727273
0.454545 0.818182
0.545455 0.818182
0.545455 0.727273
0.545455 0.727273
0.545455 0.818182
0.636364 0.818182
0.636364 0.727273
0.636364 0.727273
0.636364 0.818182
0.727273 0.818182
0.727273 0.727273
0.727273 0.727273
0.727273 0.818182
0.818182 0.818182
0.818182 0.727273
0.818182 0.727273
0.818182 0.818182
0.909091 0.818182
0.909091 0.727273
0 0.818182
0 0.909091
0.090909 0.909091
0.090909 0.818182
0.090909 0.818182
0.090909 0.909091
0.181818 0.909091
0.181818 0.818182
0.181818 0.818182
0.181818 0.909091
0.272727 0.909091
0.272727 0.818182
0.272727 0.818182
0.272727 0.909091
0.363636 0.909091
0.363636 0.818182
0.363636 0.818182
0.363636 0.909091
0.454545 0.909091
0.454545 0.818182
0.454545 0.818182
0.454545 0.909091
0.545455 0.909091
0.545455 0.818182
0.545455 0.818182
0.545455 0.909091
0.636364 0.909091
0.636364 0.818182
0.636364 0.818182
0.636364 0.909091
0.727273 0.909091
0.727273 0.818182
0.727273 0.818182
0.727273 0.909091
0.818182 0.909091
0.818182 0.818182
0.818182 0.818182
0.818182 0.909091
0.909091 0.909091
0.909091 0.818182
0 0.909091
0.056995 1
0.137541 1
0.090909 0.909091
0.090909 0.909091
0.137541 1
0.218088 1
0.181818 0.909091
0.181818 0.909091
0.218088 1
0.298634 1
0.272727 0.909091
0.272727 0.909091
0.298634 1
0.37918 1
0.363636 0.909091
0.363636 0.909091
0.37918 1
0.459727 1
0.454545 0.909091
0.454545 0.909091
0.459727 1
0.540273 1
0.545455 0.909091
0.545455 0.909091
0.540273 1
0.62082 1
0.636364 0.909091
0.636364 0.909091
0.62082 1
0.701366 1
0.727273 0.909091
0.727273 0.909091
0.701366 1
0.781912 1
0.818182 0.909091
0.818182 0.909091
0.781912 1
0.862459 1
0.909091 0.909091
0.909091 0
0.909091 0.090909
1 0.090909
1 0
0.909091 0.090909
0.909091 0.181818
1 0.181818
1 0.090909
0.909091 0.181818
0.909091 0.272727
1 0.272727
1 0.181818
0.909091 0.272727
0.909091 0.363636
1 0.363636
1 0.272727
0.909091 0.363636
0.909091 0.454545
1 0.454545
1 0.363636
0.909091 0.454545
0.909091 0.545455
1 0.545455
1 0.454545
0.909091 0.545455
0.909091 0.636364
1 0.636364
1 0.545455
0.909091 0.636364
0.909091 0.727273
1 0.727273
1 0.636364
0.909091 0.727273
0.909091 0.818182
1 0.818182
1 0.727273
0.909091 0.818182
0.909091 0.909091
1 0.909091
1 0.818182
0 0
0 0.090909
0.090909 0.090909
0.090909 0
0.090909 0
0.090909 0.090909
0.181818 0.090909
0.181818 0
0.181818 0
0.181818 0.090909
0.272727 0.090909
0.272727 0
0.272727 0
0.272727 0.090909
0.363636 0.090909
0.363636 0
0.363636 0
0.363636 0.090909
0.454545 0.090909
0.454545 0
0.454545 0
0.454545 0.090909
0.545455 0.090909
0.545455 0
0.545455 0
0.545455 0.090909
0.636364 0.090909
0.636364 0
0.636364 0
0.636364 0.090909
0.727273 0.090909
0.727273 0
0.727273 0
0.727273 0.090909
0.818182 0.090909
0.818182 0
0.818182 0
0.818182 0.090909
0.909091 0.090909
0.909091 0
0 0.090909
0 0.181818
0.090909 0.181818
0.090909 0.090909
0.090909 0.090909
0.090909 0.181818
0.181818 0.181818
0.181818 0.090909
0.181818 0.090909
0.181818 0.181818
0.272727 0.181818
0.272727 0.090909
0.272727 0.090909
0.272727 0.181818
0.363636 0.181818
0.363636 0.090909
0.363636 0.090909
0.363636 0.181818
0.454545 0.181818
0.454545 0.090909
0.454545 0.090909
0.454545 0.181818
0.545455 0.181818
0.545455 0.090909
0.545455 0.090909
0.545455 0.181818
0.636364 0.181818
0.636364 0.090909
0.636364 0.090909
0.636364 0.181818
0.727273 0.181818
0.727273 0.090909
0.727273 0.090909
0.727273 0.181818
0.818182 0.181818
0.818182 0.090909
0.818182 0.090909
0.818182 0.181818
0.909091 0.181818
0.909091 0.090909
0 0.181818
0 0.272727
0.090909 0.272727
0.090909 0.181818
0.090909 0.181818
0.090909 0.272727
0.181818 0.272727
0.181818 0.181818
0.181818 0.181818
0.181818 0.272727
0.272727 0.272727
0.272727 0.181818
0.272727 0.181818
0.272727 0.272727
0.363636 0.272727
0.363636 0.181818
0.363636 0.181818
0.363636 0.272727
0.454545 0.272727
0.454545 0.181818
0.454545 0.181818
0.454545 0.272727
0.545455 0.272727
0.545455 0.181818
0.545455 0.181818
0.545455 0.272727
0.636364 0.272727
0.636364 0.181818
0.636364 0.181818
0.636364 0.272727
0.727273 0.272727
0.727273 0.181818
0.727273 0.181818
0.727273 0.272727
0.818182 0.272727
0.818182 0.181818
0.818182 0.181818
0.818182 0.272727
0.909091 0.272727
0.909091 0.181818
0 0.272727
0 0.363636
0.090909 0.363636
0.090909 0.272727
0.090909 0.272727
0.090909 0.363636
0.181818 0.363636
0.181818 0.272727
0.181818 0.272727
0.181818 0.363636
0.272727 0.363636
0.272727 0.272727
0.272727 0.272727
0.272727 0.363636
0.363636 0.363636
0.363636 0.272727
0.363636 0.272727
0.363636 0.363636
0.454545 0.363636
0.454545 0.272727
0.454545 0.272727
0.454545 0.363636
0.545455 0.363636
0.545455 0.272727
0.545455 0.272727
0.545455 0.363636
0.636364 0.363636
0.636364 0.272727
0.636364 0.272727
0.636364 0.363636
0.727273 0.363636
0.727273 0.272727
0.727273 0.272727
0.727273 0.363636
0.818182 0.363636
0.818182 0.272727
0.818182 0.272727
0.818182 0.363636
0.909091 0.363636
0.909091 0.272727
0 0.363636
0 0.454545
0.090909 0.454545
0.090909 0.363636
0.090909 0.363636
0.090909 0.454545
0.181818 0.454545
0.181818 0.363636
0.181818 0.363636
0.181818 0.454545
0.272727 0.454545
0.272727 0.363636
0.272727 0.363636
0.272727 0.454545
0.363636 0.454545
0.363636 0.363636
0.363636 0.363636
0.363636 0.454545
0.454545 0.454545
0.454545 0.363636
0.454545 0.363636
0.454545 0.454545
0.545455 0.454545
0.545455 0.363636
0.545455 0.363636
0.545455 0.454545
0.636364 0.454545
0.636364 0.363636
0.636364 0.363636
0.636364 0.454545
0.727273 0.454545
0.727273 0.363636
0.727273 0.363636
0.727273 0.454545
0.818182 0.454545
0.818182 0.363636
0.818182 0.363636
0.818182 0.454545
0.909091 0.454545
0.909091 0.363636
0 0.454545
0 0.545455
0.090909 0.545455
0.090909 0.454545
0.090909 0.454545
0.090909 0.545455
0.181818 0.545455
0.181818 0.454545
0.181818 0.454545
0.181818 0.545455
0.272727 0.545455
0.272727 0.454545
0.272727 0.454545
0.272727 0.545455
0.363636 0.545455
0.363636 0.454545
0.363636 0.454545
0.363636 0.545455
0.454545 0.545455
0.454545 0.454545
0.454545 0.454545
0.454545 0.545455
0.545455 0.545455
0.545455 0.454545
0.545455 0.454545
0.545455 0.545455
0.636364 0.545455
0.636364 0.454545
0.636364 0.454545
0.636364 0.545455
0.727273 0.545455
0.727273 0.454545
0.727273 0.454545
0.727273 0.545455
0.818182 0.545455
0.818182 0.454545
0.818182 0.454545
0.818182 0.545455
0.909091 0.545455
0.909091 0.454545
0 0.545455
0 0.636364
0.090909 0.636364
0.090909 0.545455
0.090909 0.545455
0.090909 0.636364
0.181818 0.636364
0.181818 0.545455
0.181818 0.545455
0.181818 0.636364
0.272727 0.636364
0.272727 0.545455
0.272727 0.545455
0.272727 0.636364
0.363636 0.636364
0.363636 0.545455
0.363636 0.545455
0.363636 0.636364
0.454545 0.636364
0.454545 0.545455
0.454545 0.545455
0.454545 0.636364
0.545455 0.636364
0.545455 0.545455
0.545455 0.545455
0.545455 0.636364
0.636364 0.636364
0.636364 0.545455
0.636364 0.545455
0.636364 0.636364
0.727273 0.636364
0.727273 0.545455
0.727273 0.545455
0.727273 0.636364
0.818182 0.636364
0.818182 0.545455
0.818182 0.545455
0.818182 0.636364
0.909091 0.636364
0.909091 0.545455
0 0.636364
0 0.727273
0.090909 0.727273
0.090909 0.636364
0.090909 0.636364
0.090909 0.727273
0.181818 0.727273
0.181818 0.636364
0.181818 0.636364
0.181818 0.727273
0.272727 0.727273
0.272727 0.636364
0.272727 0.636364
0.272727 0.727273
0.363636 0.727273
0.363636 0.636364
0.363636 0.636364
0.363636 0.727273
0.454545 0.727273
0.454545 0.636364
0.454545 0.636364
0.454545 0.727273
0.545455 0.727273
0.545455 0.636364
0.545455 0.636364
0.545455 0.727273
0.636364 0.727273
0.636364 0.636364
0.636364 0.636364
0.636364 0.727273
0.727273 0.727273
0.727273 0.636364
0.727273 0.636364
0.727273 0.727273
0.818182 0.727273
0.818182 0.636364
0.818182 0.636364
0.818182 0.727273
0.909091 0.727273
0.909091 0.636364
0 0.727273
0 0.818182
0.090909 0.818182
0.090909 0.727273
0.090909 0.727273
0.090909 0.818182
0.181818 0.818182
0.181818 0.727273
0.181818 0.727273
0.181818 0.818182
0.272727 0.818182
0.272727 0.727273
0.272727 0.727273
0.272727 0.818182
0.363636 0.818182
0.363636 0.727273
0.363636 0.727273
0.363636 0.818182
0.454545 0.818182
0.454545 0.727273
0.454545 0.727273
0.454545 0.818182
0.545455 0.818182
0.545455 0.727273
0.545455 0.727273
0.545455 0.818182
0.636364 0.818182
0.636364 0.727273
0.636364 0.727273
0.636364 0.818182
0.727273 0.818182
0.727273 0.727273
0.727273 0.727273
0.727273 0.818182
0.818182 0.818182
0.818182 0.727273
0.818182 0.727273
0.818182 0.818182
0.909091 0.818182
0.909091 0.727273
0 0.818182
0 0.909091
0.090909 0.909091
0.090909 0.818182
0.090909 0.818182
0.090909 0.909091
0.181818 0.909091
0.181818 0.818182
0.181818 0.818182
0.181818 0.909091
0.272727 0.909091
0.272727 0.818182
0.272727 0.818182
0.272727 0.909091
0.363636 0.909091
0.363636 0.818182
0.363636 0.818182
0.363636 0.909091
0.454545 0.909091
0.454545 0.818182
0.454545 0.818182
0.454545 0.909091
0.545455 0.909091
0.545455 0.818182
0.545455 0.818182
0.545455 0.909091
0.636364 0.909091
0.636364 0.818182
0.636364 0.818182
0.636364 0.909091
0.727273 0.909091
0.727273 0.818182
0.727273 0.818182
0.727273 0.909091
0.818182 0.909091
0.818182 0.818182
0.818182 0.818182
0.818182 0.909091
0.909091 0.909091
0.909091 0.818182
0 0.909091
0.056995 1
0.137541 1
0.090909 0.909091
0.090909 0.909091
0.137541 1
0.218088 1
0.181818 0.909091
0.181818 0.909091
0.218088 1
0.298634 1
0.272727 0.909091
0.272727 0.909091
0.298634 1
0.37918 1
0.363636 0.909091
0.363636 0.909091
0.37918 1
0.459727 1
0.454545 0.909091
0.454545 0.909091
0.459727 1
0.540273 1
0.545455 0.909091
0.545455 0.909091
0.540273 1
0.62082 1
0.636364 0.909091
0.636364 0.909091
0.62082 1
0.701366 1
0.727273 0.909091
0.727273 0.909091
0.701366 1
0.781912 1
0.818182 0.909091
0.818182 0.909091
0.781912 1
0.862459 1
0.909091 0.909091
