-1.000 0.8111 -1.000 -1.000 0.000 0.000
-1.000 0.06590 -1.000 -1.000 0.000 0.000
-1.000 0.06590 1.000 -1.000 0.000 0.000
1.000 0.8111 -1.000 0.000 0.000 -1.000
1.000 0.06590 -1.000 0.000 0.000 -1.000
-1.000 0.06590 -1.000 0.000 0.000 -1.000
1.000 0.8111 1.000 1.000 0.000 0.000
1.000 0.06590 1.000 1.000 0.000 0.000
1.000 0.06590 -1.000 1.000 0.000 0.000
-1.000 0.8111 1.000 0.000 0.000 1.000
-1.000 0.06590 1.000 0.000 0.000 1.000
1.000 0.06590 1.000 0.000 0.000 1.000
-1.000 0.06590 -1.000 0.000 -1.000 0.000
1.000 0.06590 -1.000 0.000 -1.000 0.000
1.000 0.06590 1.000 0.000 -1.000 0.000
0.8984 1.000 -0.8984 0.000 1.000 0.000
-0.8984 1.000 -0.8984 0.000 1.000 0.000
-0.8984 1.000 0.8984 0.000 1.000 0.000
-0.8984 1.000 0.8984 0.000 0.4737 0.8807
-1.000 0.8111 1.000 0.000 0.4737 0.8807
1.000 0.8111 1.000 0.000 0.4737 0.8807
0.8984 1.000 0.8984 0.8807 0.4737 0.000
1.000 0.8111 1.000 0.8807 0.4737 0.000
1.000 0.8111 -1.000 0.8807 0.4737 0.000
0.8984 1.000 -0.8984 0.000 0.4737 -0.8807
1.000 0.8111 -1.000 0.000 0.4737 -0.8807
-1.000 0.8111 -1.000 0.000 0.4737 -0.8807
-0.8984 1.000 -0.8984 -0.8807 0.4737 0.000
-1.000 0.8111 -1.000 -0.8807 0.4737 0.000
-1.000 0.8111 1.000 -0.8807 0.4737 0.000
-1.000 0.8111 1.000 -1.000 0.000 0.000
-1.000 0.8111 -1.000 -1.000 0.000 0.000
-1.000 0.06590 1.000 -1.000 0.000 0.000
-1.000 0.8111 -1.000 0.000 0.000 -1.000
1.000 0.8111 -1.000 0.000 0.000 -1.000
-1.000 0.06590 -1.000 0.000 0.000 -1.000
1.000 0.8111 -1.000 1.000 0.000 0.000
1.000 0.8111 1.000 1.000 0.000 0.000
1.000 0.06590 -1.000 1.000 0.000 0.000
1.000 0.8111 1.000 0.000 0.000 1.000
-1.000 0.8111 1.000 0.000 0.000 1.000
1.000 0.06590 1.000 0.000 0.000 1.000
-1.000 0.06590 1.000 0.000 -1.000 0.000
-1.000 0.06590 -1.000 0.000 -1.000 0.000
1.000 0.06590 1.000 0.000 -1.000 0.000
0.8984 1.000 0.8984 0.000 1.000 0.000
0.8984 1.000 -0.8984 0.000 1.000 0.000
-0.8984 1.000 0.8984 0.000 1.000 0.000
0.8984 1.000 0.8984 0.000 0.4737 0.8807
-0.8984 1.000 0.8984 0.000 0.4737 0.8807
1.000 0.8111 1.000 0.000 0.4737 0.8807
0.8984 1.000 -0.8984 0.8807 0.4737 0.000
0.8984 1.000 0.8984 0.8807 0.4737 0.000
1.000 0.8111 -1.000 0.8807 0.4737 0.000
-0.8984 1.000 -0.8984 0.000 0.4737 -0.8807
0.8984 1.000 -0.8984 0.000 0.4737 -0.8807
-1.000 0.8111 -1.000 0.000 0.4737 -0.8807
-0.8984 1.000 0.8984 -0.8807 0.4737 0.000
-0.8984 1.000 -0.8984 -0.8807 0.4737 0.000
-1.000 0.8111 1.000 -0.8807 0.4737 0.000
